45.45793929350927 -73.93269736175849 -12.69897365570068
45.45793938365217 -73.93269744155813 -12.69900951720774
45.45793956510336 -73.93269759711308 -12.69897645711899
45.4579396570089 -73.93269767935327 -12.69854795094579
45.45793985659111 -73.93269785142247 -12.69855783414096
45.4579399855924 -73.9326979577168 -12.69851318374276
45.45794005069557 -73.93269801146698 -12.69851356558502
45.45794021182421 -73.93269814771486 -12.69847249705344
45.4579403117022 -73.93269822765564 -12.69841891154647
45.4579404368716 -73.93269833265066 -12.69886052422225
45.45794050361464 -73.93269838777236 -12.69885659124702
45.45794061531884 -73.93269848482971 -12.69881685916334
45.45794095279185 -73.93269878399838 -12.69878358580172
45.45794104946839 -73.93269884437575 -12.69877101480961
45.45794116568779 -73.93269894059014 -12.69861191883683
45.45794130593105 -73.9326990593059 -12.69818407762796
45.45794141831234 -73.93269915673434 -12.69807116221637
45.45794152776682 -73.93269924631659 -12.69770572520792
45.45794170429011 -73.93269939730827 -12.69729802105576
45.45794175910508 -73.93269944195087 -12.69721278548241
45.45794215818965 -73.93269979789561 -12.69663481134921
45.45794226076864 -73.93269988717937 -12.69637122191489
45.45794229517537 -73.9326999017086 -12.69688446912915
45.45794241126639 -73.93270000688237 -12.69786395132542
45.45794247447328 -73.93270005705034 -12.70168589707464
45.4579426521533 -73.93270026975939 -12.7074905410409
45.45794274760646 -73.9327004487071 -12.7132633253932
45.4579428792902 -73.93270070301131 -12.71762789599597
45.45794309037774 -73.93270099901974 -12.7194849960506
45.45794330717461 -73.93270144349489 -12.72227042075247
45.45794328609627 -73.93270156137855 -12.72313685808331
45.45794311264846 -73.93270184846267 -12.72435136791319
45.45794299787079 -73.93270189042511 -12.72391329053789
45.45794289377172 -73.93270190241397 -12.72290063463151
45.45794276012403 -73.93270205983923 -12.72111920081079
45.45794255375694 -73.93270215504511 -12.71884575672448
45.45794241051845 -73.93270229817311 -12.71633981727064
45.45794230040219 -73.93270231909925 -12.71533233206719
45.45794220817069 -73.93270248634668 -12.71310322079808
45.4579420988676 -73.93270246214104 -12.71242512948811
45.45794201623904 -73.9327026293078 -12.71071440447122
45.4579418907044 -73.93270273994672 -12.70923047140241
45.45794184829007 -73.93270281629086 -12.70914862025529
45.45794180193679 -73.93270301273593 -12.707878340967
45.4579417610982 -73.93270325633797 -12.70678250677884
45.45794179774713 -73.93270340221167 -12.70592286158353
45.45794176074872 -73.93270361519292 -12.70492651220411
45.457941757587 -73.93270374445444 -12.70452664792538
45.45794167364042 -73.93270404365919 -12.70320813450962
45.45794160396544 -73.93270423617844 -12.70239564497024
45.45794155333038 -73.93270441786895 -12.69968367740512
45.45794154488787 -73.93270455700936 -12.69917481858283
45.45794155954825 -73.9327047290348 -12.69877157919109
45.45794147215775 -73.93270491722127 -12.69767400342971
45.45794136327068 -73.93270507592669 -12.69667275995016
45.4579413697881 -73.93270530651262 -12.69627050962299
45.45794130413859 -73.93270553220675 -12.69523924868554
45.45794127836945 -73.93270561678676 -12.69442449789494
45.45794119220617 -73.93270581600007 -12.6936997929588
45.45794111643069 -73.9327058693421 -12.69330695271492
45.45794102675099 -73.9327060575725 -12.69258819986135
45.45794092812279 -73.93270623317019 -12.69209167920053
45.45794082076996 -73.93270639291372 -12.69158831331879
45.45794079978723 -73.93270648460326 -12.69150321837515
45.45794073888961 -73.9327067139609 -12.69122568145394
45.45794059882522 -73.93270683263425 -12.69098124653101
45.45794056297618 -73.93270693691942 -12.69102928414941
45.45794048919006 -73.93270714207297 -12.69099850952625
45.45794046145436 -73.93270742653758 -12.69090424478054
45.45794037362392 -73.93270756488992 -12.69050671160221
45.45794029781239 -73.9327075963984 -12.69060177262872
45.45794030184567 -73.93270776860179 -12.69056651275605
45.45794022064586 -73.93270812507156 -12.69079134613276
45.45794006802166 -73.93270801134645 -12.69107596948743
45.4579400695032 -73.93270834905771 -12.691172179766
45.45794006089977 -73.93270846015442 -12.69104648195207
45.45793995497453 -73.93270857105239 -12.69144131895155
45.45793993046438 -73.93270869191673 -12.69153668638319
45.45793979397028 -73.93270876404193 -12.69184846337885
45.45793977956006 -73.93270907592144 -12.69210510142148
45.4579396894586 -73.93270924163079 -12.69225414283574
45.45793961340949 -73.93270939013172 -12.69162666425109
45.45793965299172 -73.93270964507909 -12.69173057470471
45.45793961129733 -73.9327097338381 -12.69178544729948
45.45793953091237 -73.93270991768858 -12.6919202785939
45.4579394768289 -73.93271033967645 -12.69195647072047
45.45793945380056 -73.93271043263699 -12.6919676233083
45.45793935919618 -73.93271054076148 -12.69100098963827
45.4579394203096 -73.93271085737621 -12.69090807344764
45.45793931042619 -73.93271097650538 -12.69095413014293
45.45793927726963 -73.93271108497112 -12.6910140318796
45.45793917367514 -73.93271121619168 -12.69107061251998
45.45793911488001 -73.93271145063298 -12.69101862236857
45.45793905049872 -73.93271161977643 -12.68995433300734
45.45793897381029 -73.93271180015434 -12.68992483057082
45.45793894862507 -73.93271192180374 -12.68990402575582
45.45793887593654 -73.93271210981095 -12.68986952491105
45.45793873258071 -73.9327120254559 -12.69003221392632
45.45793877313053 -73.93271230843759 -12.68998079840094
45.45793878930869 -73.93271248638784 -12.6888876426965
45.45793868362014 -73.93271258169722 -12.68900685198605
45.45793858874594 -73.93271270164205 -12.68920452333987
45.45793854447577 -73.93271295356573 -12.68930882122368
45.45793846953391 -73.93271312284283 -12.68933320883662
45.45793835907652 -73.93271314714167 -12.68904421385378
45.45793838495887 -73.93271340491422 -12.68904445506632
45.45793828541125 -73.93271350603229 -12.68913285806775
45.45793836350784 -73.93271381772796 -12.68907949328423
45.45793823950363 -73.93271385113786 -12.68917982373387
45.45793814157309 -73.93271395733522 -12.68924331944436
45.45793807839458 -73.9327139691964 -12.68936105258763
45.45793811574324 -73.93271422442126 -12.68874121271074
45.45793802489795 -73.93271434046562 -12.68877822998911
45.45793794778987 -73.93271449878662 -12.68889140617102
45.45793793189419 -73.93271464756242 -12.68882722407579
45.45793789901717 -73.93271494599034 -12.68865124881268
45.45793780280457 -73.93271505199431 -12.68867390882224
45.45793770361801 -73.93271509691272 -12.68778415024281
45.45793769371143 -73.93271515039997 -12.68756621796638
45.45793763108455 -73.93271536396199 -12.68737344909459
45.45793759895029 -73.93271546912783 -12.68716997373849
45.45793753994129 -73.93271569764742 -12.68695537373424
45.45793747088349 -73.93271568118412 -12.68696138355881
45.45793737576771 -73.93271573466039 -12.6865375097841
45.45793726100196 -73.93271577804929 -12.68645247723907
45.4579373188244 -73.93271619364178 -12.68622908275574
45.45793725058557 -73.93271640009586 -12.68610374070704
45.45793718336227 -73.93271661255957 -12.68604367598891
45.45793710470046 -73.93271674928792 -12.68612317740917
45.4579369986008 -73.93271675673833 -12.68604255281389
45.4579370126166 -73.93271703100967 -12.6858627339825
45.45793693877307 -73.93271720885315 -12.68593865633011
45.4579368738925 -73.9327174217259 -12.68594549130648
45.45793682357505 -73.93271746035278 -12.68592059146613
45.45793674865818 -73.93271763586459 -12.68596569634974
45.45793666296139 -73.93271771907357 -12.68554596509784
45.45793663439127 -73.93271785069679 -12.68543797172606
45.45793657923217 -73.93271812587082 -12.68527961149812
45.45793649815649 -73.93271829888151 -12.68505718372762
45.45793641566426 -73.93271842263964 -12.68497532512993
45.45793636913156 -73.93271848457491 -12.68493435531855
45.45793635429273 -73.9327186172986 -12.68511162698269
45.45793625144422 -73.93271870547446 -12.6850017644465
45.45793624616265 -73.93271894745583 -12.68481022678316
45.45793609890735 -73.93271911257894 -12.68441946431994
45.45793610440617 -73.93271941086898 -12.68406203947961
45.45793599979392 -73.93271949065964 -12.68374761939049
45.45793595809005 -73.932719780463 -12.68306798394769
45.45793587155784 -73.93271992252544 -12.68256960716099
45.45793573322894 -73.93272003840285 -12.6819067299366
45.457935707426 -73.93272019123609 -12.68163061328232
45.45793565242192 -73.93272048562832 -12.6810653116554
45.45793565301941 -73.93272070309827 -12.6806457573548
45.45793557540631 -73.9327209007952 -12.68007325381041
45.45793549982579 -73.93272110782677 -12.67951317131519
45.4579354217336 -73.9327210013905 -12.67935831844807
45.45793535921364 -73.93272127553246 -12.67881716229022
45.45793527821272 -73.93272145386094 -12.67835885006934
45.45793520941223 -73.93272161557205 -12.67881416063756
45.45793522430908 -73.93272193993408 -12.67853511497378
45.45793514830009 -73.93272213457746 -12.67821436095983
45.45793504852097 -73.93272219456244 -12.67806336376816
45.457934978543 -73.93272242794173 -12.67782548349351
45.4579349607172 -73.93272264723515 -12.6776698064059
45.45793490444542 -73.93272288049603 -12.67811735998839
45.45793489288597 -73.93272313776629 -12.67802399396896
45.45793482178716 -73.93272336557102 -12.6779921175912
45.45793472709455 -73.93272344688337 -12.6781561980024
45.45793466820979 -73.93272341144829 -12.67837383504957
45.45793461568859 -73.93272367694087 -12.67843224387616
45.45793463384192 -73.93272405102078 -12.67892639711499
45.45793456554499 -73.93272429364548 -12.67906150221825
45.45793448950631 -73.93272448362451 -12.67915345914662
45.45793440423217 -73.93272460770713 -12.679397768341
45.45793437400808 -73.93272475393778 -12.67952829226851
45.45793436237275 -73.93272503149504 -12.67949281167239
45.45793425791452 -73.9327252872572 -12.68026213068515
45.45793423886322 -73.93272551639832 -12.68026036955416
45.45793418323161 -73.93272584981275 -12.68035711813718
45.45793403841294 -73.93272551204898 -12.68096339423209
45.45793406088941 -73.93272591620584 -12.68106190301478
45.45793399822327 -73.93272619624742 -12.68132804147899
45.45793397244997 -73.93272628400831 -12.68185743689537
45.45793392020581 -73.93272665620904 -12.68216553889215
45.45793385035357 -73.93272689392478 -12.68242247588933
45.45793380581991 -73.93272693572042 -12.68267204705626
45.45793371783795 -73.93272702874792 -12.68309782911092
45.45793365203064 -73.93272731192457 -12.68325985781848
45.45793362987659 -73.93272744296603 -12.68303084280342
45.45793356552333 -73.93272777290233 -12.68325676675886
45.45793348517106 -73.93272792213948 -12.68352426867932
45.45793339298925 -73.93272801128326 -12.68395091965795
45.45793335991187 -73.93272817844816 -12.68412337079644
45.45793327357409 -73.93272832620278 -12.68437701370567
45.45793322702465 -73.93272872973954 -12.68594329804182
45.45793318032408 -73.93272875329158 -12.68626781739295
45.45793317052852 -73.93272914825789 -12.68630644213408
45.4579330134925 -73.93272905268945 -12.68705101311207
45.45793295236439 -73.93272944535158 -12.68747318908572
45.45793291840779 -73.93272961192379 -12.68757893610746
45.45793289512265 -73.93272976319157 -12.68819301016629
45.45793281147124 -73.93272988434119 -12.68846466764808
45.45793272466991 -73.93273004953863 -12.6885485611856
45.45793263211115 -73.93273014832536 -12.68872390594333
45.45793260549208 -73.93273043379952 -12.68879220448434
45.45793253364488 -73.93273079101668 -12.68872698396444
45.45793246787909 -73.93273110071654 -12.68910241965204
45.45793242013466 -73.9327311566398 -12.68919293675572
45.4579323970403 -73.93273153308921 -12.68906318210065
45.45793229162916 -73.93273152099161 -12.68918929249048
45.45793218923833 -73.93273153690799 -12.6892254203558
45.45793210072184 -73.93273185958323 -12.68910502269864
45.45793202266988 -73.93273204282465 -12.68899861164391
45.45793198129476 -73.93273219191644 -12.68903333880007
45.45793190004539 -73.93273251817266 -12.68890442419797
45.45793180439944 -73.932732617247 -12.68898538220674
45.45793177276165 -73.93273293280927 -12.68895322084427
45.45793167711067 -73.93273302640681 -12.68884355295449
45.45793161296287 -73.93273339343277 -12.68881417717785
45.45793157663597 -73.93273358063441 -12.68877716455609
45.45793147868105 -73.93273348426285 -12.6886646123603
45.45793140229868 -73.93273378422514 -12.68856506980956
45.4579313748736 -73.93273400655735 -12.68849633168429
45.45793128589835 -73.9327340571684 -12.68835648614913
45.45793121904593 -73.9327343459657 -12.68828564416617
45.45793118618324 -73.93273460197759 -12.68818607926369
45.45793110071967 -73.93273468463121 -12.68808485381305
45.45793101422731 -73.93273476102517 -12.68807750009
45.45793098389281 -73.93273511810419 -12.68803874216974
45.45793090625881 -73.93273542535027 -12.68798781279474
45.45793083468575 -73.9327356701227 -12.68768954090774
45.45793079192065 -73.93273582490093 -12.687744660303
45.45793074277786 -73.93273578697776 -12.687803437002
45.45793066486635 -73.93273616939335 -12.68778479658067
45.45793052211036 -73.9327361872933 -12.68789117969573
45.45793044814369 -73.93273650387837 -12.68811365868896
45.45793040535268 -73.93273663292649 -12.6881065890193
45.45793036463777 -73.93273688356457 -12.68806887883693
45.45793032262738 -73.93273704700199 -12.68804286979139
45.45793018789789 -73.93273729782172 -12.68805099464953
45.45793010555381 -73.93273775540975 -12.68802683055401
45.45793005832287 -73.93273774952617 -12.68808918632567
45.45792998149495 -73.93273786236645 -12.68826731201261
45.45792994541276 -73.93273816583584 -12.68820505402982
45.45792985984846 -73.93273829858758 -12.68826879933476
45.45792977304551 -73.93273834074961 -12.6883718278259
45.45792969064935 -73.93273871631534 -12.68831066600978
45.45792965060833 -73.93273903336298 -12.68827092368156
45.45792957659268 -73.93273922834557 -12.68803760223091
45.45792953282579 -73.93273916679252 -12.68803341593593
45.45792944792711 -73.93273935185782 -12.68807522021234
45.45792936330292 -73.93273967611607 -12.68802779819816
45.45792932028355 -73.9327397627807 -12.68804399855435
45.45792924389503 -73.93274011636682 -12.68809888884425
45.45792915697287 -73.93274018522533 -12.6875415686518
45.45792913170866 -73.93274034545161 -12.68758545443416
45.45792905968337 -73.93274049121729 -12.68769411556423
45.45792898784293 -73.93274052848602 -12.68774383608252
45.45792895131503 -73.93274088558273 -12.68766638729721
45.45792887893304 -73.93274115898848 -12.68771458696574
45.45792881811435 -73.93274129053658 -12.6869881208986
45.45792877754774 -73.93274146270105 -12.68700789473951
45.45792869717094 -73.93274160806457 -12.68713892623782
45.45792861663995 -73.932741841214 -12.68719782028347
45.45792862311971 -73.93274213026683 -12.68714722339064
45.45792854344749 -73.93274225246157 -12.68720282427967
45.45792847386659 -73.93274228444872 -12.68616762943566
45.45792843058561 -73.9327425867239 -12.68619901500642
45.4579283886689 -73.93274275677098 -12.68626443482935
45.4579282645057 -73.93274304830372 -12.68647077213973
45.45792822002131 -73.93274332936519 -12.68649920541793
45.45792814113634 -73.93274322269998 -12.68671078700572
45.4579280667233 -73.93274344649838 -12.68623395822942
45.45792797392976 -73.93274405242838 -12.68619242776185
45.45792793823472 -73.93274399002105 -12.68629343528301
45.45792784771467 -73.93274440680845 -12.68634118232876
45.4579278102371 -73.93274424491537 -12.68642808496952
45.45792772263717 -73.93274450105777 -12.68651163112372
45.45792764739603 -73.93274468142124 -12.68583532143384
45.45792760289271 -73.93274485881923 -12.68587124440819
45.45792752030704 -73.93274495264353 -12.68594623915851
45.45792743578235 -73.93274511884162 -12.68594363424927
45.45792738609989 -73.9327454630721 -12.68587731104344
45.4579273070803 -73.93274546443237 -12.68594901077449
45.45792726911169 -73.93274573674613 -12.68522856011987
45.45792719080787 -73.93274593211009 -12.68520381394774
45.45792710350009 -73.93274619629479 -12.68512795772403
45.45792702437588 -73.93274623502769 -12.68511410150677
45.45792697731744 -73.93274647341387 -12.68496602308005
45.45792689848163 -73.93274652509714 -12.68489965889603
45.45792683017304 -73.93274659862367 -12.68414352741092
45.45792678148962 -73.93274691340659 -12.68408696725965
45.45792670277902 -73.93274705546409 -12.68403335846961
45.4579266251949 -73.93274717589406 -12.68399987742305
45.45792658082122 -73.93274737031034 -12.68396601080894
45.45792650445939 -73.93274761516057 -12.68383274879307
45.45792642611856 -73.93274784325304 -12.68418623041362
45.45792637890884 -73.93274798310655 -12.68414150923491
45.45792624934176 -73.93274812784328 -12.6840099953115
45.4579261969869 -73.93274837033231 -12.68389397487044
45.45792614721888 -73.9327485535824 -12.68378666695207
45.45792605986382 -73.93274866376855 -12.6836896976456
45.45792597569422 -73.93274893598155 -12.6842223899439
45.45792591949383 -73.93274927136009 -12.68409787490964
45.45792586645376 -73.93274953983031 -12.68400939274579
45.45792574592814 -73.93274960353811 -12.68395897932351
45.45792563291003 -73.93275003312101 -12.68371383845806
45.45792559633417 -73.93274998757975 -12.68365910276771
45.45792555366707 -73.93275022739405 -12.68409374915063
45.45792545876496 -73.93275057752764 -12.68386516161263
45.45792538368361 -73.93275058079519 -12.68374225497246
45.45792530351578 -73.93275067711126 -12.68360843602568
45.4579252382356 -73.93275114423734 -12.68336984422058
45.45792517357057 -73.93275099327532 -12.6832723012194
45.45792510090863 -73.93275116380704 -12.6836363542825
45.45792503871542 -73.93275160453975 -12.68346985056996
45.45792498354631 -73.93275162024197 -12.68347539193928
45.4579249007376 -73.93275184264806 -12.68345494102687
45.45792485339697 -73.93275204757958 -12.68332869652659
45.45792477910334 -73.93275214847039 -12.68331809900701
45.4579247198403 -73.93275215388691 -12.68376296479255
45.45792465307257 -73.93275263678376 -12.68364299368113
45.45792460778625 -73.93275280268699 -12.68357787467539
45.45792450178894 -73.93275287449588 -12.68349447567016
45.45792441561523 -73.9327531519925 -12.68330314569175
45.45792435519312 -73.93275353366737 -12.68314075469971
45.45792429313046 -73.93275361322777 -12.68286739569157
45.45792426954561 -73.9327537407669 -12.68279831763357
45.45792419372818 -73.93275393216274 -12.68275070004165
45.4579241150801 -73.9327541653728 -12.68280361033976
45.4579240326011 -73.93275445482854 -12.6828139917925
45.45792399345864 -73.93275457505344 -12.68285243399441
45.45792392097063 -73.93275483426241 -12.6833664746955
45.45792386819579 -73.93275512464231 -12.68333708401769
45.45792381603549 -73.93275540416802 -12.68337101489305
45.45792372178005 -73.93275543925066 -12.68385629355907
45.45792369026408 -73.93275545483903 -12.68409921508282
45.45792361740877 -73.93275567194428 -12.68443384207785
45.45792355079826 -73.93275583732576 -12.68489449750632
45.45792351900263 -73.93275585107153 -12.68516223598272
45.45792343388677 -73.93275613689839 -12.6856437260285
45.4579233554769 -73.93275633615808 -12.68616677168757
45.45792327249551 -73.93275659037569 -12.68675058055669
45.45792324424655 -73.93275655974065 -12.68706440273672
45.45792316475895 -73.93275689603101 -12.68858038727194
45.45792311963189 -73.93275711494427 -12.68884229753166
45.4579230574422 -73.93275721103925 -12.68933871667832
45.45792298903716 -73.93275738524858 -12.68977923411876
45.4579229681032 -73.93275756507676 -12.68991298321635
45.45792290400171 -73.93275770075751 -12.69015478156507
45.45792282308707 -73.93275810139629 -12.69118035119027
45.45792280213445 -73.93275804027346 -12.6913631958887
45.457922691951 -73.93275840058671 -12.69156732689589
45.45792266038854 -73.93275846379605 -12.69158609956503
45.45792260604924 -73.9327587845728 -12.69164876639843
45.45792253649996 -73.93275899245504 -12.69165612757206
45.45792248922658 -73.93275905639295 -12.69348429515958
45.45792243111807 -73.93275918664632 -12.69370217714459
45.45792243632389 -73.93275917425819 -12.69377259723842
45.45792237646529 -73.93275933061612 -12.69404187425971
45.45792230367852 -73.93275962290564 -12.69416830409318
45.4579222664121 -73.93275977578472 -12.69422768522054
45.45792220721857 -73.93275997400831 -12.69595491793007
45.4579221769297 -73.93276005279208 -12.69616722874343
45.45792211453492 -73.93276021405954 -12.6963556567207
45.45792203377464 -73.93276055791299 -12.69654181506485
45.45792200015521 -73.93276065626793 -12.69668378122151
45.45792193750647 -73.93276080165579 -12.69673559907824
45.45792184739795 -73.93276127345266 -12.69819248840213
45.45792183077871 -73.93276134285922 -12.69829541537911
45.45792173278926 -73.93276155604991 -12.69838609360158
45.45792168556689 -73.93276177245735 -12.6983409198001
45.45792164827834 -73.93276188777263 -12.69830792956054
45.4579215789955 -73.93276206426809 -12.69820839725435
45.45792151046899 -73.93276228481393 -12.69976110104471
45.45792147991894 -73.932762322337 -12.69980855844915
45.45792142651295 -73.9327623214689 -12.69969209004194
45.45792134297797 -73.93276260996267 -12.69961005542427
45.45792129741033 -73.93276252715434 -12.69955806434155
45.45792122622587 -73.93276295562444 -12.69947471749038
45.4579211591407 -73.93276316174189 -12.70004707109183
45.45792111603938 -73.9327633452606 -12.70003197155893
45.45792105866617 -73.93276342726368 -12.6998539082706
45.45792094938608 -73.93276354506931 -12.69948933646083
45.45792088714003 -73.9327639012923 -12.69933583028615
45.45792079641181 -73.93276433756297 -12.70023984834552
45.45792075443511 -73.93276448580296 -12.70016812346876
45.45792069129121 -73.93276459301332 -12.69986473023891
45.45792063507553 -73.93276464096471 -12.69963277131319
45.45792058065035 -73.93276500004932 -12.69951295200735
45.45792051964054 -73.9327650999644 -12.69918068870902
45.45792045345924 -73.93276531506649 -12.69987163506448
45.45792039779963 -73.93276560491459 -12.69977652467787
45.45792035650045 -73.93276555839266 -12.69946272205561
45.45792030440975 -73.93276561320143 -12.69922482874244
45.45792020497537 -73.93276609005694 -12.69905308354646
45.45792014704978 -73.93276624782692 -12.69966120645404
45.45792008957774 -73.93276655422815 -12.69956489559263
45.45792006983309 -73.93276652894465 -12.69947514124215
45.45791996901227 -73.93276709861836 -12.69930312596262
45.45791993013042 -73.93276703876155 -12.69923187512904
45.45791987080366 -73.93276715381927 -12.69908802770078
45.45791981721979 -73.93276741448139 -12.69898275844753
45.4579197692276 -73.93276746303901 -12.69922631885856
45.45791970873062 -73.93276776731024 -12.69925328437239
45.45791963994127 -73.93276792369528 -12.69915921706706
45.45791957647203 -73.93276802818697 -12.69904654566199
45.45791949238783 -73.9327683002691 -12.69908897485584
45.457919491383 -73.93276808767794 -12.69910434819758
45.45791937740574 -73.93276865507401 -12.69853430613875
45.45791930886817 -73.93276903242928 -12.69865514338017
45.45791922351411 -73.93276907653815 -12.69887629337609
45.45791919925044 -73.93276905470495 -12.69892884790897
45.45791910862269 -73.93276935283671 -12.69905291032046
45.45791902171285 -73.93276967173837 -12.69896948616952
45.45791898156896 -73.93276978481649 -12.69899633992463
45.45791894290345 -73.9327698848835 -12.69900260679424
45.45791885945419 -73.93277013150848 -12.6990183359012
45.45791879028233 -73.93277026128563 -12.69906597770751
45.4579187652218 -73.9327702499715 -12.69907998014241
45.45791869108363 -73.93277047993361 -12.69906009733677
45.45791863237446 -73.93277057778755 -12.69866629131138
45.4579185669683 -73.93277088656275 -12.69869923777878
45.4579185175838 -73.93277085724532 -12.69869754929096
45.45791845256893 -73.93277095216844 -12.69871524628252
45.45791839628746 -73.93277118555382 -12.69876164384186
45.45791834322814 -73.93277118622726 -12.69886993523687
45.45791825722849 -73.93277128859748 -12.69871330447495
45.45791819248955 -73.93277158292356 -12.69879614748061
45.45791811571402 -73.93277196740931 -12.69886902999133
45.45791805898224 -73.93277198606677 -12.69908533617854
45.45791797050287 -73.93277230009005 -12.69928144291043
45.45791794551414 -73.93277227925235 -12.6993604535237
45.45791787889405 -73.93277241057891 -12.69938511960208
45.45791781584654 -73.93277267278151 -12.6995522454381
45.45791772399973 -73.93277294441801 -12.69986889511347
45.45791766928447 -73.93277294003566 -12.70016023702919
45.45791758033627 -73.93277319221228 -12.70044748671353
45.45791752751683 -73.93277337922093 -12.70052529219538
45.45791742562984 -73.93277378133381 -12.7007110491395
45.45791738415976 -73.93277389141556 -12.70077973324805
45.45791733967019 -73.93277387602215 -12.70089039951563
45.457917260273 -73.93277406727165 -12.70100782252848
45.45791719358166 -73.9327741637976 -12.70111737120897
45.45791712305481 -73.93277433455809 -12.70079034380615
45.4579170570392 -73.93277461018471 -12.70076755713671
45.45791699647963 -73.93277464317042 -12.70076414756477
45.45791689514453 -73.93277496675111 -12.70060905255377
45.45791687157989 -73.93277493517522 -12.70052314177155
45.45791682166848 -73.93277509051356 -12.70045004040003
45.45791672013159 -73.93277541448064 -12.70023243967444
45.45791663871336 -73.93277565555691 -12.69922355376184
45.45791656917985 -73.93277580897319 -12.69896794576198
45.45791651370994 -73.93277582869607 -12.69876877311617
45.45791646324568 -73.93277599762426 -12.69863637164235
45.4579163761677 -73.93277623857506 -12.69831748027354
45.45791633153235 -73.93277636704359 -12.69816456083208
45.45791627862393 -73.93277641957864 -12.69751265831292
45.45791623972892 -73.93277650997939 -12.69738580379635
45.4579161263247 -73.93277693711846 -12.69704735279083
45.45791603946913 -73.93277718150567 -12.69675339944661
45.45791595571641 -73.93277740591834 -12.69636393338442
45.45791592662157 -73.93277748151669 -12.69614930823445
45.45791587109404 -73.93277755377176 -12.69481566455215
45.45791580515541 -73.93277782479892 -12.69459975417703
45.45791574222838 -73.93277789845882 -12.69405897334218
45.45791568381636 -73.93277794054421 -12.69346548430622
45.45791559587862 -73.93277817969206 -12.69269922934473
45.45791550315462 -73.93277849128958 -12.69134655036032
45.45791545434697 -73.93277865136612 -12.69097853824496
45.45791538612251 -73.93277877233277 -12.69037547707558
45.45791535444939 -73.93277881818756 -12.69010619167238
45.45791529341713 -73.93277889008841 -12.68976379465312
45.45791524691489 -73.93277893388897 -12.68959144502878
45.45791518595351 -73.93277916846273 -12.68948009423912
45.45791514735789 -73.93277914156207 -12.68889779224992
45.45791502733935 -73.93277962773945 -12.68894778005779
45.45791496679225 -73.93277971544408 -12.68900500237942
45.45791489330502 -73.93277988473533 -12.68917184788734
45.45791483428268 -73.93278011301086 -12.6892283577472
45.45791478197364 -73.93278013897715 -12.68947964068502
45.4579147276709 -73.93278038124285 -12.68956418149173
45.45791470819378 -73.9327803526423 -12.68970041908324
45.45791464997713 -73.93278064312631 -12.68991213478148
45.45791459740281 -73.93278067885255 -12.69008751027286
45.45791453261484 -73.93278079524359 -12.69025495834649
45.45791445674825 -73.93278113255404 -12.69029054977
45.45791440868604 -73.93278118760072 -12.69021217990667
45.4579143655445 -73.93278132503491 -12.69019629899412
45.45791423965271 -73.93278171254251 -12.68994885124266
45.45791418619164 -73.93278191664179 -12.68984472937882
45.45791410367262 -73.93278217427378 -12.68970298208296
45.45791408308568 -73.93278208018933 -12.68957344722003
45.45791401113016 -73.93278241629181 -12.6894588470459
45.45791398010071 -73.93278261958794 -12.68930508010089
45.45791394953122 -73.93278259948151 -12.68911833874881
45.45791388543784 -73.93278289135809 -12.68897468689829
45.45791382685604 -73.93278303074291 -12.68875526823103
45.45791375422061 -73.93278330011167 -12.6883492488414
45.45791370209485 -73.93278349349271 -12.68822510819882
45.45791369371575 -73.93278341378397 -12.68819141853601
45.45791360656919 -73.93278368899057 -12.68800632655621
45.45791354752573 -73.93278378538344 -12.68799157813191
45.45791346098725 -73.93278405140748 -12.68799085449427
45.45791343123423 -73.93278413055428 -12.68798869103193
45.45791335090566 -73.93278438446795 -12.68830951210111
45.457913325408 -73.93278440114671 -12.68833236582577
45.45791321358664 -73.93278466185873 -12.68836150690913
45.45791316622621 -73.93278480972022 -12.68836222868413
45.45791312937751 -73.93278475170148 -12.68840138893574
45.45791304541429 -73.93278512077022 -12.68837203644216
45.45791300863235 -73.93278523731982 -12.68863394111395
45.45791293812581 -73.93278539014875 -12.68870403151959
45.45791285853235 -73.93278546386384 -12.68898582365364
45.45791280259574 -73.93278566596983 -12.68903874140233
45.45791276572631 -73.93278580564319 -12.6891143200919
45.45791271868638 -73.93278582074591 -12.68921033293009
45.45791264909386 -73.93278600947319 -12.68964922334999
45.45791255666955 -73.93278630682882 -12.68966027349234
45.45791247721962 -73.93278652885019 -12.68954262509942
45.45791244037913 -73.9327866234116 -12.68944870587438
45.45791238782268 -73.9327866901691 -12.68934550601989
45.45791233202069 -73.93278681107157 -12.68899660278112
45.45791227650743 -73.9327870268401 -12.68876712396741
45.45791222677894 -73.9327870993407 -12.68844551127404
45.4579121574688 -73.93278748929794 -12.68813801370561
45.45791211063578 -73.93278754769882 -12.68764950800687
45.45791200796994 -73.93278793414032 -12.68720381241292
45.45791199177449 -73.93278792162144 -12.68693760689348
45.45791191366494 -73.93278820475862 -12.68689397908747
45.45791184430188 -73.93278852082567 -12.68672611564398
45.45791182766967 -73.93278843135853 -12.68631248176098
45.45791174338947 -73.93278844685364 -12.68588661961257
45.45791168619319 -73.93278870998569 -12.68657144252211
45.45791165901963 -73.93278882169547 -12.68654037732631
45.45791161143563 -73.93278899053108 -12.686463852413
45.45791155028144 -73.93278923546556 -12.68639350868762
45.45791152524377 -73.93278915510433 -12.68646163679659
45.45791148752812 -73.93278914174378 -12.68648640438914
45.45791140192316 -73.93278942763641 -12.68731800280511
45.45791132479094 -73.93278974797686 -12.68730575870723
45.45791129764869 -73.93278977901397 -12.68739847745746
45.45791120460415 -73.93279005874618 -12.68738582730293
45.4579111632624 -73.93279003991928 -12.68748423550278
45.45791108953159 -73.93279020796234 -12.68751650024205
45.45791100784518 -73.93279052083165 -12.68811764847487
45.45791090769686 -73.93279084780704 -12.68801538087428
45.45791087380091 -73.93279092049242 -12.68795648403466
45.4579108528805 -73.93279092146106 -12.68791959621012
45.45791078697724 -73.93279106302693 -12.68793861102313
45.4579107320658 -73.93279114576433 -12.68801020365208
45.45791067507584 -73.9327912702968 -12.68860490620136
45.45791058412451 -73.93279167643784 -12.68859141971916
45.45791054008141 -73.9327917108249 -12.6888616066426
45.45791049080258 -73.93279187860394 -12.68891293182969
45.45791041958123 -73.93279205377445 -12.68914917856455
45.45791035970384 -73.93279222557365 -12.68942344747484
45.45791033511145 -73.93279214966131 -12.68991747312248
45.45791024294898 -73.93279253116768 -12.68993091210723
45.45791018668402 -73.93279257564996 -12.69012569915503
45.4579101398323 -73.93279270038958 -12.69017014466226
45.45791007836567 -73.93279276443094 -12.69039808027446
45.45790999037331 -73.93279297246973 -12.69067106023431
45.4579098891592 -73.93279328891728 -12.69063936453313
45.45790987702301 -73.93279321669071 -12.69078207667917
45.45790973357942 -73.93279372836029 -12.69105548411608
45.45790970729441 -73.93279364316871 -12.69143658597022
45.45790968771575 -73.93279362084637 -12.69161712098867
45.45790960845049 -73.93279380121633 -12.69202051125467
45.45790954308399 -73.93279394185789 -12.69270822033286
45.45790949375373 -73.93279397964133 -12.69317380245775
45.45790935989992 -73.93279459049434 -12.69338825158775
45.45790931873317 -73.93279458855613 -12.69396092835814
45.45790922006071 -73.9327950086664 -12.69418309535831
45.4579091712815 -73.93279504444395 -12.69462513178587
45.45790912346045 -73.9327951018191 -12.69469530507922
45.45790905620542 -73.9327953407672 -12.69506357237697
45.45790901455117 -73.93279545951803 -12.69516788423061
45.45790897763771 -73.93279555176274 -12.69523367099464
45.45790891630824 -73.93279566496099 -12.69536744710058
45.45790884339051 -73.93279583598766 -12.69538121670485
45.45790877878235 -73.93279599122879 -12.69535742793232
45.45790871359048 -73.93279621912446 -12.69530739542097
45.45790867080943 -73.93279621245276 -12.69535263068974
45.45790861334028 -73.93279639933652 -12.69533801171929
45.45790850639218 -73.93279672789681 -12.69530836399645
45.45790844690716 -73.93279680678887 -12.69523996673524
45.45790838617629 -73.93279696734706 -12.69540088251233
45.45790831272852 -73.93279711151847 -12.69537013955414
45.45790825727019 -73.93279716170989 -12.69526190217584
45.45790818701956 -73.93279741061724 -12.69524929858744
45.4579081701749 -73.93279738030135 -12.69517017528415
45.45790808258187 -73.93279760406018 -12.69502307474613
45.45790802866686 -73.93279777057774 -12.69493203144521
45.45790781819106 -73.93279867415522 -12.69473437871784
45.45790777511345 -73.93279868311753 -12.6946193613112
45.45790773062774 -73.93279880888639 -12.6945784566924
45.45790767840308 -73.93279887292395 -12.69464509282261
45.45790760110273 -73.93279911444189 -12.69466840382665
45.45790758040303 -73.93279904951324 -12.69495621137321
45.45790754422719 -73.93279914185462 -12.69497743621469
45.45790746376058 -73.93279936645789 -12.69510498922318
45.45790741236763 -73.93279944237865 -12.69526883773506
45.45790735111026 -73.93279966425443 -12.69530500192195
45.45790724879573 -73.93280000577772 -12.695521235466
45.45790719060497 -73.93280014016315 -12.69586088322103
45.45790711936733 -73.93280042719664 -12.69588577933609
45.45790709790733 -73.93280040756397 -12.69599844887853
45.45790703411598 -73.93280065529831 -12.695955703035
45.45790697934481 -73.93280077470475 -12.6960419556126
45.45790693170942 -73.9328009364651 -12.69601142592728
45.45790691761665 -73.93280086641033 -12.69609673507512
45.45790679780981 -73.93280129513707 -12.69603897631168
45.45790675486364 -73.93280142089817 -12.69597805291414
45.45790666869952 -73.93280166792069 -12.69585734978318
45.45790657902479 -73.9328019270925 -12.69576382357627
45.45790656949897 -73.93280187604756 -12.6957023749128
45.45790652724531 -73.93280198779186 -12.69563090335578
45.45790645489524 -73.93280218581411 -12.69589367415756
45.45790642940824 -73.9328022671622 -12.69657059013844
45.45790633561287 -73.93280258707088 -12.69806780479848
45.45790633762309 -73.93280253551409 -12.69931817706674
45.45790630723709 -73.93280270118773 -12.70284660346806
45.45790631775458 -73.93280276611321 -12.70685646962374
45.45790632988476 -73.93280282971328 -12.70829934533685
45.45790626443294 -73.93280351672716 -12.71043404377997
45.45790636437923 -73.93280351523867 -12.712014246732
45.45790641151804 -73.93280359106178 -12.71270173415542
45.457906608477 -73.93280379170925 -12.71389916073531
45.45790666076608 -73.93280382834999 -12.71356678009033
45.45790670408459 -73.9328040011072 -12.71361145563424
45.45790683910273 -73.93280409679188 -12.71315374411643
45.4579070142885 -73.93280397984249 -12.71336679067463
45.45790710753789 -73.93280429239377 -12.71379311382771
45.45790718936673 -73.93280424369557 -12.71316659916192
45.4579072498899 -73.93280458400416 -12.71394391916692
45.45790730027963 -73.9328047019371 -12.71340432111174
45.45790736754299 -73.93280476312937 -12.71351114474237
45.45790759094731 -73.93280473119704 -12.71160886995494
45.45790763817234 -73.93280486829943 -12.71099835447967
45.45790774326145 -73.93280510430705 -12.70944973174483
45.45790782412912 -73.93280534540095 -12.70732718985528
45.45790787361832 -73.93280539262852 -12.70628613326699
45.45790792490828 -73.93280543284344 -12.70523469150066
45.45790797203109 -73.932805845602 -12.70332593657076
45.45790808517872 -73.93280591969442 -12.70128690451384
45.45790819304739 -73.93280604158345 -12.69927106425166
45.4579083222692 -73.93280596289497 -12.69701256230474
45.45790837189962 -73.93280605736136 -12.69612386170775
45.45790846435557 -73.93280630447899 -12.6944490885362
45.4579086480588 -73.93280639961918 -12.69304345175624
45.45790878288588 -73.93280646959502 -12.6917563136667
45.45790882348181 -73.93280666240501 -12.69113369844854
45.45790896184746 -73.93280660599901 -12.68974166922271
45.45790899187445 -73.93280689577016 -12.68921866640449
45.45790911367178 -73.93280713852079 -12.68838675227016
45.45790924042911 -73.93280734272074 -12.68779648374766
45.45790928710601 -73.93280753446308 -12.68753199372441
45.45790943347382 -73.93280760831658 -12.68720478750765
45.45790957747812 -73.93280758857658 -12.68627512641251
45.45790965119531 -73.93280762308738 -12.68613334745169
45.45790981173592 -73.93280775674501 -12.6859529139474
45.45790994543477 -73.93280790594375 -12.68588134087622
45.45790996549849 -73.93280827100351 -12.68577308859676
45.45791010426095 -73.93280838377382 -12.68570545408875
45.45791022214572 -73.93280851913322 -12.68485922645777
45.45791030705815 -73.93280848328754 -12.68487322703004
45.45791042630739 -73.93280873238005 -12.68482348416001
45.45791056561979 -73.9328088701979 -12.68483048304915
45.4579107126762 -73.93280895560967 -12.68485414795578
45.45791076289299 -73.93280914809718 -12.68482092581689
45.45791093300343 -73.93280914044749 -12.6834781896323
45.45791098280174 -73.93280935800695 -12.68343033082783
45.4579111188405 -73.93280955539549 -12.68338664807379
45.45791132909161 -73.93280982581011 -12.68329333793372
45.45791141878781 -73.93280978528266 -12.68332843016833
45.45791155741716 -73.93280999033665 -12.6832491690293
45.45791159299137 -73.93281019105628 -12.68186333402991
45.45791171267332 -73.93280994465862 -12.68187347706407
45.45791183291905 -73.93281029205393 -12.68178001325577
45.45791200884848 -73.93281024630411 -12.68177989311516
45.45791225711781 -73.9328104455529 -12.6815748475492
45.45791234772004 -73.93281040094368 -12.6815339513123
45.45791254347023 -73.93281067176272 -12.67978062387556
45.45791259477857 -73.93281091565412 -12.67968013882637
45.45791284568909 -73.93281092058402 -12.67944305669516
45.45791291152533 -73.93281105648251 -12.67927011474967
45.45791307538704 -73.93281108087197 -12.67908683232963
45.45791313620846 -73.93281109998244 -12.67709849029779
45.45791321862767 -73.93281112248233 -12.6770527055487
45.45791338421457 -73.93281115879685 -12.67694942839444
45.45791352547522 -73.93281159637677 -12.67675470281392
45.45791361059395 -73.93281160038839 -12.6767391320318
45.45791375691639 -73.93281179224029 -12.67653843946755
45.45791389270213 -73.9328119268537 -12.67537788674235
45.45791403697147 -73.9328121238763 -12.67504975665361
45.45791412626885 -73.93281208290699 -12.67498047836125
45.45791428198874 -73.93281219377542 -12.67473750188947
45.4579144314984 -73.93281236268702 -12.67443778086454
45.45791452020629 -73.93281233018836 -12.67439913190901
45.45791466115671 -73.93281240157476 -12.67278358340263
45.45791471538771 -73.9328126666215 -12.67269264813513
45.45791488045702 -73.93281277551539 -12.67257064301521
45.45791502942203 -73.93281296548746 -12.67237924318761
45.4579151943326 -73.93281301084528 -12.67231578659266
45.457915359587 -73.93281304789879 -12.67237660195678
45.4579153951921 -73.93281330741455 -12.67021263949573
45.45791547268239 -73.93281342826252 -12.67019774671644
45.45791563159894 -73.93281363155199 -12.67013967316598
45.4579157992762 -73.93281374880816 -12.67015399876982
45.45791598293254 -73.93281370661937 -12.67014980502427
45.45791605610827 -73.93281386259926 -12.67021605186164
45.45791623253871 -73.93281395520694 -12.66817617416382
45.45791631159032 -73.93281401901015 -12.66823772899806
45.45791646338259 -73.93281420565164 -12.66827517002821
45.45791662246543 -73.93281431441548 -12.66833045426756
45.45791667715499 -73.93281461396154 -12.66833148151636
45.45791684141172 -73.93281467437032 -12.66848468594253
45.45791698054599 -73.93281477313262 -12.66696823667735
45.45791714508827 -73.9328148221675 -12.66708505805582
45.45791722396907 -73.93281488227414 -12.66714737564325
45.45791740692555 -73.93281472930735 -12.66733612306416
45.45791759486132 -73.93281467071044 -12.6675505368039
45.45791765342922 -73.93281495012108 -12.66759993135929
45.45791777615144 -73.93281525651415 -12.66630514059216
45.4579179309682 -73.93281543117826 -12.66645273100585
45.45791802079335 -73.93281536603327 -12.66661626473069
45.45791817774975 -73.93281552704153 -12.6668879436329
45.45791825130423 -73.93281566216308 -12.6670102244243
45.45791840272055 -73.93281588669633 -12.66721783019602
45.45791853996545 -73.93281603556406 -12.66557854879647
45.4579186301581 -73.9328159600167 -12.66571007482708
45.45791877211917 -73.93281628160337 -12.66583894193172
45.45791892494315 -73.93281650855398 -12.6658692592755
45.45791901947808 -73.93281637226394 -12.66598985064775
45.45791916042594 -73.93281671507481 -12.66600258275867
45.45791927829374 -73.9328170964109 -12.66372224781662
45.45791937448844 -73.93281691576159 -12.66384307481349
45.45791946885365 -73.93281677034528 -12.66395069379359
45.45791969363317 -73.93281707593343 -12.66418015956879
45.45791976256788 -73.93281725625231 -12.6642390685156
45.45791991000872 -73.93281747787948 -12.66429717279971
45.45792004300471 -73.93281761400073 -12.6626448398456
45.4579201271825 -73.93281757992985 -12.66276251990348
45.45792028313125 -73.93281783960657 -12.6629626462236
45.45792043853585 -73.93281797221245 -12.66313431784511
45.45792059483372 -73.93281807998503 -12.66335324384272
45.45792066594669 -73.93281823924531 -12.66339633800089
45.45792080387944 -73.93281831865893 -12.66150191053748
45.45792088242473 -73.93281836188284 -12.66155738662928
45.45792103330042 -73.93281854535002 -12.66170976497233
45.45792118816485 -73.9328186629089 -12.66184887383133
45.45792133967156 -73.93281883715245 -12.66198560129851
45.4579215048594 -73.9328189360439 -12.662084444426
45.45792156465254 -73.93281896852268 -12.66047061979771
45.45792163981984 -73.93281902688314 -12.66051656287163
45.45792178867489 -73.93281920432877 -12.66061171982437
45.4579219536522 -73.93281908046089 -12.66086333431304
45.45792211133278 -73.93281909604462 -12.66112886462361
45.457922186264 -73.93281918748295 -12.66122481226921
45.45792231672045 -73.93281937469661 -12.65961049310863
45.45792238835727 -73.93281952114812 -12.65965637285262
45.45792246521466 -73.9328195926236 -12.6598357250914
45.45792269432158 -73.93281979809717 -12.6600367994979
45.45792283640198 -73.93281996929332 -12.66029536165297
45.45792298371382 -73.93282020454326 -12.66049252916127
45.45792304279183 -73.93282021512523 -12.66014441289008
45.4579231892512 -73.93282031383676 -12.66042107250541
45.4579232538686 -73.93282055957307 -12.66044527385384
45.45792338513203 -73.93282098994953 -12.66051432024688
45.45792345403118 -73.93282113583956 -12.66054382734001
45.45792361011496 -73.93282098828141 -12.6607317244634
45.45792373507146 -73.9328211259844 -12.66065491084009
45.45792380871173 -73.93282122400196 -12.66069055628031
45.45792395616377 -73.93282143921284 -12.66085690911859
45.45792409475978 -73.93282155143331 -12.66104526817799
45.45792424820699 -73.93282161291474 -12.6613543452695
45.45792432118918 -73.93282174752812 -12.66145997215062
45.45792445409561 -73.93282184740328 -12.66117140837014
45.45792452101267 -73.93282212600133 -12.66127971187234
45.45792467588775 -73.93282207705192 -12.6617681030184
45.45792482852527 -73.93282209111783 -12.66234482638538
45.45792497876516 -73.93282216674353 -12.66281778365374
45.45792512326675 -73.93282243614135 -12.66330235078931
45.4579251758484 -73.93282261291752 -12.66322806570679
45.45792525527202 -73.93282255405887 -12.6635669041425
45.45792540744804 -73.93282277001396 -12.66416987031698
45.45792556459419 -73.93282273703038 -12.66486401297152
45.45792563717037 -73.93282294734232 -12.66516042407602
45.45792578943622 -73.93282309659847 -12.66589958406985
45.45792592184693 -73.93282329285921 -12.66594126448035
45.45792607545048 -73.93282339635246 -12.66665257979184
45.4579261514513 -73.93282348020446 -12.66694772616029
45.45792630284709 -73.93282366721735 -12.66751727554947
45.45792645693873 -73.93282369112227 -12.66797891072929
45.45792653277795 -73.93282375198703 -12.66815085802227
45.45792666779451 -73.93282393146477 -12.66756715252995
45.45792683312338 -73.93282365247131 -12.66780746448785
45.45792690352074 -73.93282425776562 -12.66771800350398
45.45792705836723 -73.93282460371161 -12.66774570755661
45.45792721675567 -73.93282466821427 -12.66778559330851
45.45792729627843 -73.9328246556593 -12.66783142276108
45.45792743487986 -73.93282472377652 -12.666638283059
45.45792751371106 -73.93282463223996 -12.66670735366642
45.45792766547793 -73.93282478821423 -12.66676657833159
45.45792781983216 -73.93282484138351 -12.66674651019275
45.45792800488059 -73.93282518128632 -12.66668943502009
45.45792808203082 -73.93282508132214 -12.66674552485347
45.45792821538587 -73.93282523956317 -12.66607234627008
45.45792828937825 -73.93282541533594 -12.66605934593827
45.4579284384327 -73.9328254337082 -12.66609415411949
45.45792858766242 -73.93282588283139 -12.66609736531973
45.45792873837956 -73.93282592408364 -12.66629822179675
45.45792881380061 -73.93282599804678 -12.66635854355991
45.45792902502913 -73.93282609073557 -12.66583604644984
45.45792910323535 -73.93282607630753 -12.66594821587205
45.45792918052594 -73.93282635021484 -12.66598278097808
45.4579293564497 -73.93282620760608 -12.66617562808096
45.45792951451322 -73.93282637525328 -12.66640790179372
45.45792959387853 -73.93282648576658 -12.66651635430753
45.45792973399401 -73.9328266457909 -12.66594778187573
