45.45793929350927 -73.93269736175849 -12.69897365570068
45.45793937485303 -73.93269743334834 -12.69901275634766
45.45793954664726 -73.93269757991726 -12.69898319244385
45.45793960868098 -73.93269763434093 -12.69856739044189
45.45793977422131 -73.9326977748092 -12.69859027862549
45.45793993991582 -73.93269791528967 -12.69853115081787
45.45794002279308 -73.93269798556655 -12.69852447509766
45.45794018853044 -73.9326981261203 -12.69848155975342
45.45794035399366 -73.93269826681451 -12.69840240478516
45.45794050107211 -73.93269839203418 -12.69883823394775
45.45794058711056 -73.93269846495525 -12.69882774353027
45.45794067212956 -73.93269853731455 -12.69879722595215
45.45794084209046 -73.93269868184382 -12.69882106781006
45.45794103677575 -73.93269883269362 -12.69877529144287
45.45794120608555 -73.93269897773585 -12.69859790802002
45.45794135406351 -73.9326991035234 -12.69816589355469
45.45794143737767 -73.93269917423997 -12.69806385040283
45.4579416034149 -73.9326993157098 -12.69767475128174
45.45794176984619 -73.9326994573872 -12.69726943969727
45.45794185341735 -73.9326995283419 -12.69717121124268
45.45794201973726 -73.93269967117348 -12.69670009613037
45.45794208316741 -73.93269972468723 -12.696457862854
45.45794225328251 -73.93269986343338 -12.69690322875977
45.45794233247597 -73.93269993490112 -12.6978931427002
45.45794249715957 -73.93270007776322 -12.70168399810791
45.45794261451045 -73.93270023525109 -12.70747756958008
45.45794270167121 -73.93270040628991 -12.71322822570801
45.45794274203896 -73.93270057495327 -12.71748065948486
45.4579427497407 -73.93270067879297 -12.71907997131348
45.45794273529671 -73.93270089621893 -12.72148895263672
45.45794271503573 -73.93270100934103 -12.72232055664062
45.45794262294894 -73.93270135922313 -12.72360038757324
45.45794258856954 -73.93270147690697 -12.72329330444336
45.45794256344249 -73.93270156588284 -12.72242069244385
45.45794249029737 -73.93270177916229 -12.72075843811035
45.45794241305721 -73.93270200545531 -12.71867847442627
45.45794234398142 -73.93270222595909 -12.71627235412598
45.45794231419394 -73.93270233421406 -12.71534538269043
45.45794226427397 -73.93270254897746 -12.71314716339111
45.45794224765397 -73.93270262935495 -12.71253490447998
45.45794220361098 -73.93270284364816 -12.71082878112793
45.45794216297764 -73.93270305680547 -12.70936679840088
45.45794214398459 -73.9327031633139 -12.70929527282715
45.45794210804598 -73.93270337801013 -12.70800018310547
45.45794204088063 -73.93270359663913 -12.70687007904053
45.45794202479178 -73.93270368017383 -12.70597839355469
45.45794200074418 -73.93270391389268 -12.70496654510498
45.45794198492092 -73.93270402978122 -12.70455741882324
45.45794193937013 -73.93270438570289 -12.70321655273438
45.4579418996963 -73.93270462349504 -12.70238590240479
45.45794186780134 -73.93270483597445 -12.69960498809814
45.45794184271714 -73.93270495657733 -12.69908809661865
45.45794181664773 -73.93270507709472 -12.69868850708008
45.45794176300968 -73.93270531816005 -12.69755363464355
45.45794170797521 -73.93270555975667 -12.69650077819824
45.45794166511447 -73.93270572634975 -12.69611358642578
45.45794160511969 -73.93270596792804 -12.69505310058594
45.45794158241712 -73.93270605998173 -12.69421577453613
45.45794151845583 -73.93270630029592 -12.69345474243164
45.45794148417922 -73.93270642030042 -12.69301700592041
45.45794142338772 -73.93270666250764 -12.6922492980957
45.45794136065151 -73.93270690473325 -12.69170093536377
45.45794129828369 -73.93270714758175 -12.69113254547119
45.45794127461304 -73.93270724007513 -12.6910457611084
45.45794121625458 -73.93270748681367 -12.69075202941895
45.45794116644598 -73.93270776861124 -12.69039916992188
45.45794113800351 -73.93270789328125 -12.69044017791748
45.4579410809301 -73.93270814321362 -12.69038677215576
45.4579410234883 -73.93270839376278 -12.69031715393066
45.45794097305432 -73.93270861181774 -12.68985462188721
45.45794094408926 -73.93270873457632 -12.68989944458008
45.45794091500427 -73.93270885746315 -12.68989849090576
45.45794082637853 -73.93270922793133 -12.6901388168335
45.45794079752486 -73.93270935043947 -12.69029808044434
45.45794073829255 -73.93270959706197 -12.69046497344971
45.45794071595836 -73.93270969011105 -12.69034576416016
45.45794067286631 -73.93270993940833 -12.69069194793701
45.45794064452664 -73.93271006398673 -12.6907958984375
45.45794058719622 -73.93271031294813 -12.69103813171387
45.45794052876064 -73.93271056263623 -12.69135665893555
45.45794046904002 -73.9327108139121 -12.69147968292236
45.4579404177836 -73.93271103543572 -12.69077396392822
45.4579403886215 -73.93271116185836 -12.69096088409424
45.45794035911671 -73.93271128814057 -12.69100379943848
45.45794029907055 -73.93271154002102 -12.69112110137939
45.45794020600712 -73.93271191723717 -12.69119644165039
45.45794019737158 -73.93271205155584 -12.69119167327881
45.45794014160892 -73.93271226812074 -12.69010353088379
45.45794010875444 -73.93271238935874 -12.69011688232422
45.45794004225731 -73.93271263101032 -12.69010734558105
45.4579400086318 -73.93271275155213 -12.69016933441162
45.45793994079823 -73.93271299213501 -12.6901798248291
45.45793987213364 -73.93271323164923 -12.69013023376465
45.45793981395508 -73.93271343989059 -12.68897151947021
45.45793974878585 -73.93271367613767 -12.68891716003418
45.45793971613696 -73.9327137939009 -12.68890190124512
45.45793965083065 -73.93271402876782 -12.68884754180908
45.45793961670825 -73.93271423967182 -12.68886375427246
45.45793958457341 -73.93271435578615 -12.68890857696533
45.45793956075711 -73.93271444370554 -12.68778324127197
45.45793949581063 -73.93271467307638 -12.68784141540527
45.45793943082985 -73.93271490220293 -12.68800163269043
45.45793936592617 -73.93271513206237 -12.68813896179199
45.45793930098825 -73.93271536040727 -12.68814182281494
45.45793924398338 -73.93271555917082 -12.68773365020752
45.45793921116316 -73.93271567353258 -12.68782424926758
45.45793914517149 -73.93271590170649 -12.68785762786865
45.45793913742691 -73.93271598204123 -12.68793678283691
45.4579390704843 -73.93271620946402 -12.68794536590576
45.45793900235945 -73.93271643667916 -12.68795680999756
45.4579389678087 -73.93271655012489 -12.68803405761719
45.45793894191063 -73.93271663522293 -12.68745708465576
45.4579388746596 -73.93271685626412 -12.6874475479126
45.45793880602073 -73.93271707701217 -12.6875467300415
45.45793877117013 -73.93271718744727 -12.68750381469727
45.45793870067222 -73.93271740813422 -12.6873664855957
45.45793862928332 -73.93271762835711 -12.68733692169189
45.45793856610161 -73.93271782086745 -12.68628406524658
45.45793855718337 -73.93271788595962 -12.6860408782959
45.45793848333575 -73.93271810496113 -12.6858377456665
45.4579384461378 -73.93271821454127 -12.68561744689941
45.45793837139922 -73.93271843326796 -12.68540000915527
45.45793833396994 -73.93271854250615 -12.68533420562744
45.45793826849229 -73.93271873385612 -12.68478965759277
45.45793819217738 -73.93271895515991 -12.68459415435791
45.45793815408844 -73.93271906560116 -12.68455123901367
45.45793807719953 -73.93271928685608 -12.68441677093506
45.45793799979661 -73.93271950874605 -12.68435764312744
45.45793792964994 -73.93271971834311 -12.68441104888916
45.4579378640095 -73.93271991387631 -12.68421363830566
45.45793782761685 -73.93272002713267 -12.68412494659424
45.45793775411191 -73.93272025274784 -12.68419170379639
45.45793768026429 -73.93272047913857 -12.6842041015625
45.45793764323768 -73.93272059239499 -12.68413639068604
45.45793756879894 -73.93272081902387 -12.68416786193848
45.45793750119667 -73.93272101833711 -12.68364143371582
45.45793746127439 -73.93272113194163 -12.68354034423828
45.45793738079591 -73.93272135934608 -12.68340969085693
45.45793729981197 -73.93272158665893 -12.68314266204834
45.4579372296139 -73.93272181200538 -12.6830005645752
45.45793718856078 -73.93272192544501 -12.68292903900146
45.45793715741971 -73.9327220112026 -12.68316173553467
45.45793707330025 -73.93272223831391 -12.68296527862549
45.45793703133902 -73.93272235156432 -12.68284225463867
45.4579369038962 -73.9327226945457 -12.6823148727417
45.45793686143811 -73.93272280888912 -12.68204593658447
45.45793677640197 -73.93272303807065 -12.68161296844482
45.4579367045676 -73.93272324225713 -12.68093013763428
45.45793662496293 -73.93272347658979 -12.68032932281494
45.45793652029979 -73.93272384198001 -12.67943954467773
45.45793648077161 -73.93272396079666 -12.67916488647461
45.45793640122693 -73.93272419951087 -12.67859363555908
45.45793637157651 -73.93272429035541 -12.6782283782959
45.45793628992434 -73.93272453211081 -12.67757797241211
45.45793620848635 -73.93272477447687 -12.67694759368896
45.45793616774165 -73.93272489620647 -12.67660617828369
45.45793608611518 -73.93272513995268 -12.67604637145996
45.45793600422314 -73.93272538470039 -12.67550182342529
45.45793593378519 -73.93272560052638 -12.67598533630371
45.45793591097124 -73.93272574445719 -12.67582893371582
45.45793583171784 -73.93272599030412 -12.67545127868652
45.45793575206179 -73.93272623706403 -12.6751537322998
45.45793567165184 -73.93272648498422 -12.67489719390869
45.45793563130123 -73.93272660924201 -12.6748104095459
45.45793556178851 -73.93272682795651 -12.67533779144287
45.45793552226034 -73.93272695255018 -12.67534732818604
45.45793544303263 -73.93272720217419 -12.67531394958496
45.4579353634451 -73.93272745163335 -12.67538547515869
45.45793532393407 -73.93272757734449 -12.67551422119141
45.45793525949302 -73.93272783660498 -12.67560482025146
45.45793523021955 -73.93272793175785 -12.67636871337891
45.45793515258531 -73.93272818694818 -12.67652702331543
45.45793507514811 -73.93272844260872 -12.67659950256348
45.45793499781373 -73.93272869824789 -12.67679500579834
45.45793495924504 -73.93272882605372 -12.67696189880371
45.4579349206935 -73.932728954113 -12.67703533172607
45.4579348157048 -73.93272931245302 -12.67784023284912
45.45793477796712 -73.93272944494888 -12.67791080474854
45.45793470262885 -73.93272970973294 -12.67807865142822
45.45793462718776 -73.93272997497503 -12.67837715148926
45.4579346158536 -73.93273014881687 -12.67864608764648
45.45793454032686 -73.93273041406812 -12.67896747589111
45.45793451219279 -73.932730515169 -12.67955303192139
45.45793443482413 -73.93273077327531 -12.67997741699219
45.45793435689004 -73.93273103065185 -12.68026447296143
45.45793431761031 -73.93273115912945 -12.68049812316895
45.45793423828837 -73.93273141524189 -12.68089294433594
45.45793415816114 -73.93273167017267 -12.68110275268555
45.45793412791959 -73.9327317666843 -12.68087291717529
45.45793404375729 -73.93273201907772 -12.68117904663086
45.4579339656433 -73.93273228196257 -12.68142795562744
45.45793388007601 -73.93273253529948 -12.68182849884033
45.45793383695825 -73.93273266190229 -12.68204784393311
45.45793375028582 -73.93273291516286 -12.68228912353516
45.45793367502463 -73.93273313398423 -12.68412780761719
45.45793363229239 -73.9327332495582 -12.68445110321045
45.45793358938025 -73.93273336531229 -12.6846227645874
45.45793345966715 -73.93273371269673 -12.68527030944824
45.45793337246356 -73.93273394444921 -12.68581581115723
45.45793332853194 -73.93273406062774 -12.68595790863037
45.45793329488073 -73.9327341416037 -12.68666744232178
45.45793321136095 -73.93273437492257 -12.68693351745605
45.45793312198991 -73.9327346350258 -12.6870002746582
45.45793303213912 -73.93273489594122 -12.68714427947998
45.45793298703381 -73.93273502682794 -12.68728160858154
45.4579328966947 -73.93273528935558 -12.68725299835205
45.45793281525671 -73.93273551967296 -12.68770313262939
45.45793276794968 -73.93273564992153 -12.68778133392334
45.45793272069405 -73.93273577978847 -12.68772792816162
45.45793262539465 -73.93273604219083 -12.68778038024902
45.45793252991533 -73.93273630471235 -12.687744140625
45.45793242540639 -73.93273657058343 -12.6876392364502
45.45793234073863 -73.93273679933138 -12.68751335144043
45.45793229255777 -73.93273692860284 -12.68756294250488
45.45793219610181 -73.93273718664197 -12.68745231628418
45.45793209949164 -73.93273744365823 -12.68749618530273
45.45793205114801 -73.932737571632 -12.68752861022949
45.45793195443505 -73.93273782669407 -12.6873607635498
45.45793187321979 -73.93273804920393 -12.68738460540771
45.45793182878271 -73.9327381753579 -12.68736839294434
45.45793173989143 -73.93273842689636 -12.6871337890625
45.45793165106866 -73.93273867722567 -12.68704891204834
45.45793161429907 -73.93273879472326 -12.68701267242432
45.45793152535638 -73.932739043303 -12.68679809570312
45.45793144644566 -73.9327392584664 -12.68675231933594
45.45793140230842 -73.93273936933811 -12.68669605255127
45.45793131381121 -73.93273959106936 -12.68654346466064
45.45793122400325 -73.93273981367693 -12.68649196624756
45.45793117888082 -73.93273992510744 -12.68653774261475
45.45793108887582 -73.93274014767837 -12.6865177154541
45.45793100754921 -73.93274034493973 -12.68621253967285
45.45793095890572 -73.93274046754871 -12.68628787994385
45.45793091072485 -73.93274058934858 -12.68630123138428
45.45793081755005 -73.93274078444203 -12.68635082244873
45.45793067161962 -73.93274115099867 -12.68636035919189
45.45793058622367 -73.93274136490712 -12.68664646148682
45.45793053862536 -73.93274148734517 -12.68664455413818
45.45793048987052 -73.93274161219831 -12.68664836883545
45.45793044235787 -73.93274173446537 -12.68663692474365
45.45793029700143 -73.93274210615169 -12.68661689758301
45.45793020129936 -73.93274235109185 -12.68666648864746
45.45793015232179 -73.93274247536485 -12.68669605255127
45.45793006987287 -73.93274268899246 -12.68686485290527
45.4579300269436 -73.93274282912783 -12.68685245513916
45.45792993496818 -73.93274307030613 -12.68689441680908
45.45792984268436 -73.93274331083711 -12.68695163726807
45.45792975006643 -73.93274355109941 -12.68693351745605
45.45792970362466 -73.93274367103666 -12.68695449829102
45.45792962288061 -73.93274388099707 -12.68670082092285
45.45792957685006 -73.93274400018319 -12.68664264678955
45.45792948423212 -73.93274423922105 -12.68667793273926
45.45792939092026 -73.93274447898258 -12.68665885925293
45.45792934404159 -73.93274459904502 -12.68666934967041
45.45792926004206 -73.93274483945387 -12.68677043914795
45.4579291655565 -73.93274507754221 -12.68611526489258
45.45792913782082 -73.93274516493328 -12.68618869781494
45.45792905917995 -73.93274539848422 -12.68628597259521
45.45792898036347 -73.93274563274048 -12.6862850189209
45.45792894088668 -73.93274575010066 -12.68627834320068
45.45792886209163 -73.932745985105 -12.6863489151001
45.45792879545313 -73.93274619730667 -12.68553638458252
45.45792875148297 -73.93274632580862 -12.68557548522949
45.45792866317424 -73.93274657880049 -12.68569087982178
45.45792857521675 -73.93274683170688 -12.68575572967529
45.45792858380089 -73.9327469623982 -12.68575382232666
45.45792849587767 -73.93274721684348 -12.6857795715332
45.45792841790076 -73.93274744068462 -12.68459224700928
45.45792837288969 -73.93274756725079 -12.68468856811523
45.45792832790859 -73.93274769207353 -12.68477821350098
45.45792819166745 -73.93274807359791 -12.68498420715332
45.4579281458768 -73.93274820016407 -12.68506813049316
45.45792805392279 -73.93274845282006 -12.68519115447998
45.45792797295597 -73.93274867154074 -12.68467712402344
45.45792787950275 -73.93274891919528 -12.68475437164307
45.45792783641928 -73.93274906572293 -12.68480110168457
45.45792774219074 -73.93274931235307 -12.68491363525391
45.45792769481518 -73.93274943545056 -12.68492126464844
45.45792759996981 -73.93274968086241 -12.68502235412598
45.45792751745239 -73.9327498937953 -12.6842794418335
45.45792747075361 -73.93275001396614 -12.68434047698975
45.45792737697057 -73.93275025438567 -12.68438148498535
45.45792728294335 -73.93275049437773 -12.68436145782471
45.45792723607752 -73.93275061416689 -12.68436431884766
45.45792714274853 -73.93275085335743 -12.6843729019165
45.45792710766663 -73.93275094356075 -12.68364810943604
45.45792702204793 -73.93275116504316 -12.68361854553223
45.45792692864611 -73.93275140041999 -12.68355178833008
45.45792683574118 -73.93275163520298 -12.68347835540771
45.45792678942364 -73.93275175259065 -12.68336009979248
45.45792669689995 -73.93275198757972 -12.6832332611084
45.45792661739809 -73.93275219519514 -12.68236637115479
45.45792657279824 -73.93275231431407 -12.68237590789795
45.45792648357713 -73.93275255254586 -12.68229103088379
45.45792639438599 -73.93275279139289 -12.68222045898438
45.45792634969619 -73.93275291114693 -12.68221282958984
45.45792626761139 -73.93275314651616 -12.68207740783691
45.4579261836547 -73.93275335862006 -12.68247509002686
45.45792613350771 -73.93275347995728 -12.68243598937988
45.45792598246277 -73.93275384442852 -12.68222808837891
45.45792593196881 -73.93275396583903 -12.6821460723877
45.45792588139347 -73.93275408709992 -12.682053565979
45.45792578007574 -73.93275432890113 -12.68190956115723
45.45792569241809 -73.93275454043099 -12.68251800537109
45.45792564365468 -73.93275466058046 -12.68245697021484
45.45792559487412 -73.93275478063984 -12.68241310119629
45.45792544855816 -73.93275513936764 -12.68227005004883
45.45792533811228 -73.9327553772514 -12.68207359313965
45.4579252889505 -73.93275549707714 -12.68196201324463
45.45792525213807 -73.93275558687589 -12.68248653411865
45.45792515730555 -73.93275582403591 -12.68228149414062
45.45792506225887 -73.93275606097153 -12.68207740783691
45.45792496716506 -73.93275629816364 -12.68189144134521
45.45792491961816 -73.93275641699402 -12.6817512512207
45.45792482483705 -73.9327566549922 -12.68152141571045
45.45792474409728 -73.93275686583658 -12.68191051483154
45.45792469900054 -73.93275698668833 -12.6818380355835
45.45792462421911 -73.93275723754437 -12.68177318572998
45.45792453418839 -73.93275747848149 -12.6817512512207
45.45792448928444 -73.93275760073774 -12.68164443969727
45.45792439977632 -73.93275784231605 -12.68159294128418
45.45792432139675 -73.93275805360621 -12.68201637268066
45.45792427624004 -73.93275817331599 -12.68200588226318
45.45792423131035 -73.93275829179377 -12.68195343017578
45.45792409672264 -73.93275864964673 -12.6817798614502
45.45792400754436 -73.93275888650447 -12.68159103393555
45.45792396310728 -73.93275900463412 -12.68150329589844
45.45792388686518 -73.93275921509375 -12.6811695098877
45.45792386118129 -73.93275935474371 -12.6810941696167
45.45792377640215 -73.93275959644414 -12.68103218078613
45.45792369190575 -73.93275983771099 -12.68109321594238
45.45792360794049 -73.93276007822212 -12.68112659454346
45.45792356629198 -73.93276019810136 -12.68117141723633
45.45792349314685 -73.9327604081595 -12.68174934387207
45.45792345109569 -73.93276052694715 -12.6817741394043
45.45792340905736 -73.93276064466464 -12.68186378479004
45.4579232821414 -73.93276100332979 -12.68229675292969
45.45792323990177 -73.93276112252201 -12.68253135681152
45.45792315973169 -73.93276137289256 -12.68288993835449
45.4579230849974 -73.93276158334838 -12.68338108062744
45.45792304198672 -73.93276170288793 -12.68364429473877
45.45792295539996 -73.93276194232274 -12.68418502807617
45.45792286834629 -73.93276218229114 -12.68474674224854
45.4579227812455 -73.93276242304884 -12.68538856506348
45.45792273756661 -73.93276254375326 -12.68569374084473
45.45792266421157 -73.93276275650607 -12.68737316131592
45.45792262502609 -73.93276288011189 -12.6876802444458
45.45792254540002 -73.9327631258535 -12.68819046020508
45.45792246614662 -73.93276337236837 -12.68865776062012
45.45792244867848 -73.93276350741228 -12.68881416320801
45.45792237023038 -73.93276375544315 -12.68905830383301
45.45792230147156 -73.93276397497596 -12.69020843505859
45.45792226168209 -73.93276410032915 -12.69037532806396
45.45792214333314 -73.93276447686434 -12.69059944152832
45.45792210395058 -73.93276460180695 -12.69061088562012
45.4579220650778 -73.93276472863715 -12.69071388244629
45.45792198726793 -73.932764980484 -12.69071769714355
45.4579219217346 -73.93276520454117 -12.6926794052124
45.45792184806686 -73.93276545947965 -12.69290161132812
45.45792183741381 -73.93276562165212 -12.69295597076416
45.45792176424297 -73.93276587664855 -12.69323921203613
45.4579216909822 -73.93276612996944 -12.69338512420654
45.45792165418688 -73.93276625597149 -12.69345474243164
45.45792158944599 -73.93276647432805 -12.69533729553223
45.45792155279205 -73.93276659834684 -12.69556522369385
45.45792147808773 -73.93276684355791 -12.69576454162598
45.45792140268947 -73.93276708691633 -12.69597911834717
45.45792136470764 -73.93276720796578 -12.69613265991211
45.4579212883456 -73.93276744915477 -12.69618225097656
45.45792122014791 -73.93276765739392 -12.69779109954834
45.45792119703413 -73.93276778416231 -12.69789981842041
45.45792107874944 -73.93276813380892 -12.69799137115479
45.45792103927265 -73.93276824967752 -12.69794940948486
45.45792099969735 -73.93276836531484 -12.69791412353516
45.45792092046965 -73.93276859578985 -12.69780349731445
45.45792084981753 -73.93276879726757 -12.69949436187744
45.45792080909424 -73.93276891175948 -12.69954299926758
45.45792072744636 -73.93276914021811 -12.69940662384033
45.45792064521593 -73.93276936843019 -12.69932079315186
45.45792056239008 -73.93276959690179 -12.69925022125244
45.45792052181243 -73.93276970795826 -12.69917488098145
45.45792045119457 -73.93276990881238 -12.69979953765869
45.45792041309709 -73.93277002454543 -12.69978618621826
45.45792033574556 -73.93277025456128 -12.69958686828613
45.45792018118386 -73.93277071346974 -12.69917488098145
45.45792014267087 -73.93277082778226 -12.69901943206787
45.45792007366789 -73.93277102627262 -12.7000150680542
45.45792003337296 -73.93277113810464 -12.69993877410889
45.45791995318576 -73.93277136065285 -12.69960498809814
45.45791987346546 -73.93277158188162 -12.69934558868408
45.45791984599962 -73.93277168341722 -12.69922733306885
45.45791976752153 -73.93277190219088 -12.69886112213135
45.45791970033476 -73.93277209285233 -12.69961452484131
45.45791966283267 -73.93277220139299 -12.69951915740967
45.45791958814119 -73.93277241776497 -12.69916725158691
45.45791951389094 -73.93277263338274 -12.69890117645264
45.45791943997049 -73.93277284859249 -12.69872856140137
45.45791937509681 -73.93277303710532 -12.69938850402832
45.45791933831008 -73.9327731449186 -12.69929313659668
45.45791930147194 -73.93277325263665 -12.69919013977051
45.45791923847015 -73.93277346626314 -12.6990213394165
45.45791916413421 -73.9327736819981 -12.69893169403076
45.4579190891943 -73.93277389850505 -12.69877147674561
45.45791905125101 -73.93277400749277 -12.69866561889648
45.45791898310473 -73.93277419869763 -12.69892311096191
45.4579189434095 -73.93277430722435 -12.69896221160889
45.45791886334651 -73.93277452439703 -12.6988582611084
45.45791878234116 -73.93277474153383 -12.69873142242432
45.45791870050907 -73.93277495828343 -12.69878101348877
45.45791865889911 -73.93277506787442 -12.69878196716309
45.45791858622945 -73.93277525720505 -12.69818496704102
45.45791855002528 -73.93277534961389 -12.69833183288574
45.45791842481415 -73.93277567143771 -12.69855690002441
45.45791838264305 -73.93277577907676 -12.69860744476318
45.45791829751268 -73.93277599543184 -12.69874668121338
45.45791822247852 -73.93277618581523 -12.69866371154785
45.45791818065867 -73.9327762955467 -12.69869327545166
45.4579181386846 -73.93277640548698 -12.69869995117188
45.45791805424387 -73.93277662622567 -12.6987190246582
45.45791796942621 -73.9327768479947 -12.69876670837402
45.45791792694668 -73.93277695916682 -12.69877624511719
45.4579178508588 -73.93277717530005 -12.69875621795654
45.45791777630867 -73.93277736902488 -12.69832611083984
45.45791773382488 -73.93277747928147 -12.69837284088135
45.45791764852316 -73.93277769956522 -12.6983585357666
45.45791756311865 -73.9327779200752 -12.69837188720703
45.45791752039069 -73.93277803024588 -12.69842910766602
45.45791743477199 -73.93277825028002 -12.69853591918945
45.45791731673145 -73.93277855251249 -12.69835662841797
45.4579172736651 -73.93277866206854 -12.69845676422119
45.45791723044026 -73.93277877132158 -12.6985502243042
45.45791714334803 -73.93277898859716 -12.69877529144287
45.45791706627922 -73.93277918579946 -12.69899368286133
45.45791702204347 -73.93277929399481 -12.69907379150391
45.45791694363392 -73.93277948354479 -12.69909858703613
45.45791689869567 -73.93277959129848 -12.69928646087646
45.45791681002284 -73.93277980504691 -12.699631690979
45.45791672174838 -73.9327800180576 -12.6999397277832
45.45791663352959 -73.93278023079866 -12.70025253295898
45.45791658929812 -73.93278033724069 -12.70033931732178
45.45791651283329 -73.93278052309495 -12.70054626464844
45.45791646993398 -73.93278062837621 -12.70062065124512
45.45791639216696 -73.93278083046917 -12.70073509216309
45.45791630588432 -73.93278104060393 -12.70086193084717
45.45791621939608 -73.9327812497115 -12.70097827911377
45.45791614339385 -73.93278143222345 -12.70062446594238
45.45791609914954 -73.93278153395043 -12.70060443878174
45.45791601051097 -73.93278173682832 -12.70059680938721
45.45791592152973 -73.93278193908847 -12.70043277740479
45.45791587722971 -73.93278203966823 -12.70033645629883
45.45791583265558 -73.9327821406139 -12.7002592086792
45.45791574394419 -73.93278234153837 -12.70002841949463
45.45791566779633 -73.9327825189105 -12.69894313812256
45.45791558963094 -73.9327827068407 -12.6986665725708
45.45791550382377 -73.93278291035311 -12.69844341278076
45.45791546082167 -73.93278301224254 -12.69830417633057
45.45791537484745 -73.93278321639883 -12.69796276092529
45.45791533191816 -73.93278331864549 -12.69779968261719
45.45791525698682 -73.93278349913342 -12.69708919525146
45.45791521418604 -73.93278360227625 -12.6969518661499
45.45791512867871 -73.93278380895389 -12.6966028213501
45.45791504332559 -73.93278401592885 -12.69629001617432
45.45791495824663 -73.93278422279428 -12.69587326049805
45.4579149235074 -73.93278432755807 -12.69564056396484
45.45791484831476 -73.9327845102475 -12.69419574737549
45.45791480490143 -73.93278461468154 -12.69398021697998
45.45791471810908 -73.93278482316984 -12.69338607788086
45.45791463084552 -73.93278503257073 -12.69272994995117
45.45791454323071 -73.93278524194527 -12.69190883636475
45.45791446608907 -73.93278542525721 -12.69046974182129
45.45791442385801 -73.93278552877408 -12.69008255004883
45.4579143391731 -73.93278573400561 -12.68942356109619
45.4579142968221 -73.93278583815372 -12.68912601470947
45.45791421168316 -73.93278604388976 -12.68873882293701
45.45791413553101 -73.93278626256151 -12.68852806091309
45.45791409264886 -73.93278636472955 -12.6884298324585
45.45791401923814 -73.93278654421411 -12.68776988983154
45.45791393809572 -73.93278675190351 -12.6878719329834
45.45791385565967 -73.9327869584739 -12.68791675567627
45.45791377267533 -73.93278716518017 -12.6880931854248
45.45791373102682 -73.932787268552 -12.68817520141602
45.45791364716436 -73.93278747427665 -12.68842029571533
45.45791361673435 -73.93278755380527 -12.68853759765625
45.45791357494448 -73.93278765707939 -12.68866539001465
45.45791352649375 -73.93278787801064 -12.6889066696167
45.45791344355654 -73.93278808511231 -12.68907260894775
45.45791336081636 -73.93278829258728 -12.68924236297607
45.45791331963047 -73.93278839647743 -12.68931579589844
45.45791324849857 -73.93278857894745 -12.6892147064209
45.45791320857631 -73.93278868505659 -12.6892032623291
45.45791308914364 -73.93278899939723 -12.68895053863525
45.45791304975683 -73.93278910408279 -12.6888542175293
45.4579129718056 -73.93278931283329 -12.68871116638184
45.45791290444749 -73.93278949611317 -12.68853187561035
45.45791286835038 -73.93278959774233 -12.68844509124756
45.45791283654108 -73.93278980656842 -12.68828105926514
45.45791276750385 -73.9327900116258 -12.68804740905762
45.457912732302 -73.93279011397321 -12.68792343139648
45.45791266054044 -73.9327903184933 -12.68767929077148
45.45791259984319 -73.9327904993556 -12.68725872039795
45.45791256084616 -73.93279060107632 -12.68714141845703
45.45791252172062 -73.93279070279704 -12.68707656860352
45.45791244274564 -73.93279090709646 -12.68689155578613
45.45791236291397 -73.93279111182265 -12.68686008453369
45.45791228263682 -73.93279131879451 -12.68687152862549
45.45791224806465 -73.93279141976561 -12.68686676025391
45.45791217626454 -73.9327916031249 -12.68722534179688
45.45791213460318 -73.93279170854326 -12.68723678588867
45.4579120081841 -73.93279202647926 -12.68726253509521
45.45791196581167 -73.93279213318235 -12.68727111816406
45.45791188066844 -73.93279234763583 -12.68727207183838
45.45791183793192 -73.93279245524195 -12.68728351593018
45.45791180558718 -73.93279253683166 -12.68757152557373
45.45791172107792 -73.93279275387135 -12.6876392364502
45.45791159436756 -73.93279308085151 -12.68790721893311
45.45791155229069 -73.93279318907449 -12.68797969818115
45.45791151900787 -73.93279330088201 -12.68806648254395
45.45791143470421 -73.93279351898583 -12.68814182281494
45.45791136160192 -73.93279371083354 -12.68861675262451
45.45791127929008 -73.93279392792978 -12.68864250183105
45.45791119716246 -73.93279414648086 -12.68851852416992
45.45791115639206 -73.93279425479996 -12.68841648101807
45.45791107565228 -73.93279446974047 -12.68828582763672
45.45791100580117 -73.93279465729815 -12.68790149688721
45.45791096720252 -73.93279476420962 -12.68767166137695
45.45791089072482 -73.93279497722037 -12.68730545043945
45.45791086648018 -73.93279510002476 -12.6870174407959
45.45791079085063 -73.93279531124318 -12.68646907806396
45.457910715341 -73.93279552145854 -12.68602085113525
45.45791067770184 -73.93279562652731 -12.685715675354
45.45791061440877 -73.93279580954464 -12.68568801879883
45.45791057996512 -73.93279591461946 -12.68554496765137
45.4579105098827 -73.93279612345165 -12.68505096435547
45.45791033102496 -73.93279665215876 -12.6845064163208
45.45791030422735 -73.93279673318662 -12.68527984619141
45.45791025772135 -73.93279695342628 -12.68523025512695
45.45791021923834 -73.93279706089044 -12.68515968322754
45.45791018030985 -73.93279716841563 -12.68510913848877
45.45791010112069 -73.9327973833272 -12.685133934021
45.45791002022243 -73.93279760015922 -12.68512344360352
45.45790994836235 -73.93279778973519 -12.68604278564453
45.45790990622552 -73.93279789888634 -12.68606567382812
45.45790986372886 -73.93279800806648 -12.68615436553955
45.45790977790028 -73.93279822607869 -12.68615341186523
45.45790969157053 -73.93279844378709 -12.68622398376465
45.45790960548923 -73.93279866146953 -12.68625354766846
45.45790954238034 -73.93279885614467 -12.68692493438721
45.45790945860784 -73.93279907061189 -12.68683433532715
45.45790941697217 -73.93279917763336 -12.68676662445068
45.45790937546074 -73.93279928576919 -12.68671131134033
45.45790929301612 -73.93279950205778 -12.68672275543213
45.45790921093559 -73.93279971939522 -12.68678188323975
45.45790913893417 -73.93279991210851 -12.68741798400879
45.45790909903333 -73.9328000225772 -12.68744850158691
45.45790901843062 -73.93280024492064 -12.68771553039551
45.45790897754456 -73.93280035678167 -12.68778038024902
45.45790889414045 -73.93280058189303 -12.68803119659424
45.45790882255023 -73.93280080578303 -12.68832302093506
45.4579087452501 -73.93280100598328 -12.68882274627686
45.4579086992067 -73.93280111976645 -12.68887424468994
45.45790860569351 -73.93280134898922 -12.68906307220459
45.45790855847645 -73.93280146445471 -12.68911361694336
45.45790846274012 -73.93280169488507 -12.68934154510498
45.45790836636984 -73.93280192553529 -12.68963718414307
45.45790828217755 -73.93280212790039 -12.68961906433105
45.4579082337611 -73.93280224332626 -12.68975162506104
45.45790813724089 -73.9328024744253 -12.69008445739746
45.45790805100108 -73.93280269810461 -12.69046306610107
45.45790800416525 -73.93280281355796 -12.69064426422119
45.45790791159871 -73.93280304454098 -12.69107913970947
45.45790783131298 -73.93280324756256 -12.69182205200195
45.45790774280292 -73.93280347772729 -12.69231128692627
45.4579076986871 -73.9328035920784 -12.69259357452393
45.45790761125649 -73.93280382137286 -12.69319534301758
45.45790756741911 -73.93280393552698 -12.6934642791748
45.45790747957727 -73.9328041629406 -12.69392871856689
45.45790740231141 -73.93280436173168 -12.69399452209473
45.45790733544591 -73.93280458801554 -12.69439697265625
45.45790729324911 -73.93280470065977 -12.69451141357422
45.45790725088953 -73.93280481303682 -12.69458198547363
45.45790716537363 -73.93280503720926 -12.69472026824951
45.45790707913812 -73.93280526039086 -12.69473266601562
45.45790700401402 -73.93280545519424 -12.69470500946045
45.4579069591186 -73.93280556453627 -12.69466018676758
45.45790686958907 -73.9328057861606 -12.69469356536865
45.45790682447949 -73.93280589698041 -12.69468402862549
45.45790673380197 -73.93280611852546 -12.69466114044189
45.45790664298311 -73.93280634274517 -12.69457721710205
45.45790657297351 -73.93280653828135 -12.69475078582764
45.45790647996577 -73.93280676419269 -12.69471263885498
45.4579063868124 -73.93280699116967 -12.69458293914795
45.45790634027211 -73.9328071048383 -12.694580078125
45.45790629406167 -73.93280721801236 -12.69448375701904
45.45790620142231 -73.93280744711444 -12.6943244934082
45.45790615546888 -73.93280756168078 -12.69423007965088
45.45790607598416 -73.9328077644566 -12.69407176971436
45.45790598600915 -73.93280799997999 -12.69393062591553
45.45790594148211 -73.93280811708368 -12.69388771057129
45.45790585309629 -73.93280835152926 -12.69394779205322
45.45790577541492 -73.93280858142528 -12.6939754486084
45.45790569962259 -73.93280878709568 -12.69426822662354
45.45790565712592 -73.93280890383608 -12.69429016113281
45.45790557101464 -73.93280914084644 -12.69442939758301
45.45790548539595 -73.93280937665078 -12.6945972442627
45.4579054426937 -73.93280949461248 -12.69464492797852
45.45790535802593 -73.93280972915888 -12.69488906860352
45.45790528276049 -73.9328099369727 -12.6952543258667
45.45790524342934 -73.93281005343214 -12.69529342651367
45.45790514564122 -73.93281041394008 -12.69539260864258
45.45790510621584 -73.93281052985294 -12.69535541534424
45.45790502688961 -73.93281076078406 -12.69544315338135
45.45790498697163 -73.93281087587863 -12.69541358947754
45.45790491722332 -73.93281107744222 -12.69548988342285
45.45790483371641 -73.93281130474895 -12.69544124603271
45.45790479170378 -73.93281141755963 -12.6953763961792
45.45790470626928 -73.93281164406633 -12.69524765014648
45.45790461988384 -73.93281186937922 -12.69514942169189
45.45790457649622 -73.9328119813716 -12.69507217407227
45.4579045322519 -73.93281209413637 -12.69499492645264
45.45790445685365 -73.93281229271069 -12.69528198242188
45.4579043996603 -73.93281253017607 -12.69601058959961
45.45790432157202 -73.93281275698817 -12.69764709472656
45.45790429100921 -73.93281286618053 -12.69900321960449
45.45790425246624 -73.93281307413793 -12.70284938812256
45.45790424394634 -73.93281324592787 -12.70722484588623
45.45790425282177 -73.93281333738614 -12.70880031585693
45.45790429523276 -73.93281350946923 -12.71109199523926
45.45790437337673 -73.93281366296935 -12.7128210067749
45.45790442706618 -73.93281373309357 -12.71356773376465
45.45790464434268 -73.93281393549378 -12.71486854553223
45.45790469919294 -73.93281398575873 -12.71450805664062
45.45790476990078 -73.93281405103417 -12.71454524993896
45.45790491155628 -73.93281418137126 -12.71405029296875
45.45790505364012 -73.93281430870077 -12.71430492401123
45.45790519481587 -73.93281443879054 -12.71474933624268
45.45790526124875 -73.93281450573011 -12.71407890319824
45.45790537369501 -73.93281462665968 -12.71490097045898
45.45790543925406 -73.93281469654271 -12.71430969238281
45.45790551147824 -73.93281476722869 -12.71442604064941
45.45790570901632 -73.93281497744256 -12.71237945556641
45.45790577467388 -73.93281504847361 -12.71170997619629
45.45790590398862 -73.93281522201931 -12.71002197265625
45.45790601592088 -73.93281535062205 -12.7077112197876
45.45790606638485 -73.93281541983636 -12.70658206939697
45.45790611755131 -73.93281548850409 -12.70544147491455
45.45790622434765 -73.93281562517699 -12.70336818695068
45.45790633685818 -73.9328157617705 -12.70115947723389
45.45790645318532 -73.93281589682205 -12.69897556304932
45.45790655780992 -73.9328160130311 -12.69651889801025
45.45790661796747 -73.93281607950345 -12.695556640625
45.45790674167936 -73.93281621286341 -12.69374942779541
45.45790694108507 -73.93281631397956 -12.69222640991211
45.45790707756181 -73.93281644609984 -12.69082641601562
45.45790714595226 -73.93281651196762 -12.69016551971436
45.45790726589466 -73.93281662751103 -12.68863868713379
45.4579073402349 -73.93281669387351 -12.68809986114502
45.45790749328879 -73.93281682959676 -12.68721485137939
45.45790764444939 -73.93281696531699 -12.6865873336792
45.45790771792008 -73.93281703305348 -12.68631935119629
45.45790786669477 -73.93281716894167 -12.68595886230469
45.45790799929063 -73.93281728838117 -12.68493556976318
45.45790807421341 -73.93281735508864 -12.68477821350098
45.45790824732271 -73.93281750254309 -12.68458271026611
45.45790839635438 -73.9328176357931 -12.68450927734375
45.45790847009921 -73.93281770212803 -12.68443870544434
45.45790861811571 -73.93281783396743 -12.68436431884766
45.45790875012475 -73.93281794864673 -12.68345642089844
45.45790882589139 -73.93281801150692 -12.68345642089844
45.45790897656797 -73.93281813747161 -12.68342399597168
45.457909130727 -73.932818259763 -12.68343544006348
45.45790928457335 -73.93281838227121 -12.68345642089844
45.45790936056702 -73.93281844475584 -12.68344211578369
45.45790952747377 -73.9328185451697 -12.68197917938232
45.45790960699275 -73.9328186057673 -12.68195533752441
45.45790976685313 -73.93281872679157 -12.68192291259766
45.45791000872551 -73.93281890900886 -12.68183994293213
45.45791008995362 -73.93281897015 -12.68186092376709
45.45791025299237 -73.9328190931559 -12.68179130554199
45.4579103154116 -73.93281913936899 -12.68033123016357
45.45791039768488 -73.93281919983838 -12.6802864074707
45.45791056253555 -73.93281932129621 -12.68022918701172
45.45791072757042 -73.93281944347466 -12.68019962310791
45.45791100215592 -73.93281960175946 -12.67998886108398
45.45791108460482 -73.93281966321203 -12.6799259185791
45.4579113111551 -73.93281983544169 -12.67806243896484
45.45791139292292 -73.93281989846982 -12.67799186706543
45.45791163814501 -73.93282008590231 -12.67770290374756
45.45791171990425 -73.93282014783119 -12.67753314971924
45.4579118832343 -73.93282027130428 -12.67731761932373
45.457911945268 -73.93282031755402 -12.67517566680908
45.4579120295074 -73.93282037552268 -12.67511940002441
45.4579121979348 -73.93282048995771 -12.67499256134033
45.45791239743903 -73.93282058182207 -12.6748628616333
45.45791248224388 -73.93282063812967 -12.67483520507812
45.45791265080836 -73.93282075037547 -12.67463970184326
45.45791280213171 -73.93282084787332 -12.67340564727783
45.45791296905561 -73.93282095744125 -12.67307662963867
45.45791305282811 -73.93282101230459 -12.67298030853271
45.45791322078433 -73.93282112233054 -12.67272186279297
45.45791338931025 -73.93282123286333 -12.67241668701172
45.45791347379809 -73.93282128826104 -12.67235469818115
45.45791362255565 -73.93282138496502 -12.67061805725098
45.45791370669653 -73.93282144290926 -12.67057514190674
45.45791388557143 -73.932821540056 -12.67044925689697
45.45791405455995 -73.93282165797189 -12.67026519775391
45.45791422318867 -73.93282177630304 -12.67018032073975
45.45791439132481 -73.93282189533956 -12.67022609710693
45.4579144547892 -73.93282194052669 -12.66796970367432
45.45791454503838 -73.9328220010419 -12.66797161102295
45.4579147250141 -73.93282212254553 -12.66793441772461
45.45791490438157 -73.93282224416214 -12.66795063018799
45.45791508312366 -73.93282236564136 -12.66790294647217
45.45791517227624 -73.93282242631227 -12.66800117492676
45.45791536044204 -73.93282252768184 -12.66582202911377
45.45791544559383 -73.93282258861839 -12.66588973999023
45.45791561537482 -73.93282271088843 -12.66595077514648
45.45791578451757 -73.93282283353099 -12.66600799560547
45.45791586819156 -73.93282289427215 -12.6660795211792
45.45791603735572 -73.93282301901543 -12.66622638702393
45.45791618522658 -73.93282312863832 -12.6646089553833
45.45791635373966 -73.93282325397396 -12.66471290588379
45.45791643795764 -73.93282331699294 -12.66477966308594
45.45791660640646 -73.93282344401709 -12.6648998260498
45.45791678948345 -73.93282357785341 -12.66507434844971
45.45791687335449 -73.93282364079911 -12.66519260406494
45.45791702348274 -73.93282375345093 -12.6638708114624
45.45791719356357 -73.9328238831163 -12.66404438018799
45.45791727774732 -73.93282394751543 -12.66418075561523
45.4579174487191 -73.93282407882042 -12.66448211669922
45.45791753387947 -73.9328241440073 -12.66463470458984
45.45791770444434 -73.93282427409402 -12.66488647460938
45.4579178543113 -73.93282438844051 -12.66315269470215
45.45791793860641 -73.93282445254954 -12.66325092315674
45.45791810720944 -73.93282458035233 -12.66345024108887
45.45791827858388 -73.93282471182225 -12.66351413726807
45.45791836288326 -73.93282477494809 -12.66358280181885
45.45791853146059 -73.93282490048524 -12.66366481781006
45.45791867924149 -73.93282500976311 -12.66132926940918
45.45791876224727 -73.93282507220502 -12.66138076782227
45.45791884633245 -73.9328251358621 -12.6614294052124
45.45791909558959 -73.93282532477855 -12.66171455383301
45.45791917818841 -73.93282538768453 -12.66181564331055
45.45791934265356 -73.93282551329806 -12.66191005706787
45.45791948624093 -73.93282562405373 -12.66016578674316
45.45791956880122 -73.93282568678268 -12.66026020050049
45.45791974353821 -73.93282582875317 -12.66051387786865
45.45791990930555 -73.9328259572216 -12.66069984436035
45.4579200742419 -73.93282608621826 -12.66092777252197
45.45792015643807 -73.93282615103261 -12.6610050201416
45.45792030082217 -73.93282626552873 -12.65898609161377
45.45792038288126 -73.93282633163163 -12.65903854370117
45.45792054678101 -73.93282646423131 -12.65921974182129
45.45792071053081 -73.93282659713935 -12.65936470031738
45.45792087428064 -73.9328267301146 -12.65952587127686
45.45792104749272 -73.93282686838137 -12.65962028503418
45.45792110998905 -73.93282691880813 -12.65790367126465
45.45792118952947 -73.93282698394619 -12.65795135498047
45.45792135056352 -73.93282711523592 -12.65807056427002
45.45792151129347 -73.93282724565853 -12.65825366973877
45.45792167277732 -73.93282737558036 -12.6584997177124
45.45792175417675 -73.93282743950618 -12.65861225128174
45.45792189730578 -73.93282755117791 -12.65692520141602
45.45792197810128 -73.93282761389156 -12.65700435638428
45.45792206032312 -73.93282767694103 -12.65719890594482
45.45792230493694 -73.9328278649445 -12.65742206573486
45.45792245811935 -73.93282799529993 -12.65771293640137
45.45792262009152 -73.93282812044932 -12.65796184539795
45.4579226810672 -73.93282816760286 -12.6575813293457
45.45792283532906 -73.93282829466672 -12.65786743164062
45.45792291248357 -73.93282835772848 -12.65795612335205
45.45792306546034 -73.93282848508544 -12.6581335067749
45.45792314207511 -73.93282854799448 -12.65819358825684
45.45792329534319 -73.93282867282021 -12.65830326080322
45.45792342897997 -73.93282878170417 -12.65823364257812
45.45792350857179 -73.9328288416301 -12.65828514099121
45.45792366857782 -73.93282896099025 -12.65849494934082
45.45792381479095 -73.93282908449078 -12.65869235992432
45.45792397495976 -73.9328292028128 -12.65900230407715
45.45792405503131 -73.93282926179516 -12.65913963317871
45.45792419545316 -73.93282936556471 -12.65883541107178
45.45792427405978 -73.93282942522191 -12.65902233123779
45.45792443174844 -73.9328295450065 -12.65948486328125
45.45792458954415 -73.93282966545364 -12.66006183624268
45.45792474700151 -73.93282978668248 -12.66054916381836
45.45792490446314 -73.93282990864412 -12.66110897064209
45.45792496401242 -73.93282995489996 -12.66107177734375
45.45792504427673 -73.93283001609299 -12.66139316558838
45.45792520765391 -73.93283014167601 -12.66205883026123
45.45792536928337 -73.93283026493532 -12.66274642944336
45.45792544997604 -73.93283032665049 -12.66310405731201
45.45792561136992 -73.9328304504747 -12.66389274597168
45.45792575324816 -73.93283055957546 -12.66396331787109
45.4579259147063 -73.93283068604697 -12.66470813751221
45.45792599532614 -73.93283074960029 -12.66502571105957
45.457926156236 -73.93283087769008 -12.6656436920166
45.45792631652474 -73.93283100608524 -12.66610336303711
45.45792639644637 -73.93283107024922 -12.66628456115723
45.45792654002945 -73.93283118569799 -12.66568851470947
45.45792670733457 -73.93283130779093 -12.66583442687988
45.45792679086721 -73.93283136851069 -12.66588878631592
45.45792695735418 -73.93283148909528 -12.66598033905029
45.45792712301444 -73.93283160872717 -12.66600894927979
45.4579272056304 -73.9328316682378 -12.66603851318359
45.45792735095687 -73.93283177156459 -12.66477584838867
45.45792743207787 -73.93283183125232 -12.66480731964111
45.4579275922981 -73.93283194965679 -12.66488170623779
45.45792775416744 -73.93283206667496 -12.66484451293945
45.45792795090452 -73.93283217428873 -12.66485023498535
45.45792803081758 -73.93283223185126 -12.66486644744873
45.45792817153072 -73.93283233181323 -12.66417598724365
45.45792825007306 -73.93283238693307 -12.66419696807861
45.4579284062668 -73.9328324968308 -12.66420936584473
45.45792856441376 -73.93283260517735 -12.66430950164795
45.45792872231659 -73.93283271288271 -12.66450309753418
45.45792880148861 -73.93283276648195 -12.66457271575928
45.45792902304861 -73.93283291464476 -12.66401100158691
45.45792910513341 -73.93283296897073 -12.66411018371582
45.45792918608311 -73.93283302357763 -12.66420841217041
45.45792937101911 -73.93283312967077 -12.66434288024902
45.45792953677361 -73.93283323942801 -12.66460418701172
45.45792961983933 -73.93283329476769 -12.66473388671875
45.45792976649797 -73.93283339275105 -12.66415596008301
