45.45801236718866 -73.9328341988566 -0.02798030711710453
45.45802834662946 -73.93286631014783 2.41361989825964
45.4580136705287 -73.93282619469885 0.180289844982326
45.45801845905517 -73.93284824489072 0.9045662526041269
45.45805032355734 -73.93290222291103 5.751972993835807
45.45801805030364 -73.93283981836235 0.8431410882622004
45.45801610255671 -73.9328282897156 0.5490260040387511
45.45801589768475 -73.93282920410815 0.5171111952513456
45.45802091175607 -73.93285249986049 1.276335616596043
45.45801327982308 -73.93282467369839 0.1207040166482329
45.45804049484516 -73.93287371027556 4.271431027911603
45.45801236718866 -73.9328341988566 -0.02798030711710453
45.45802834662946 -73.93286631014783 2.41361989825964
45.4580136705287 -73.93282619469885 0.180289844982326
45.45801845905517 -73.93284824489072 0.9045662526041269
45.45805032355734 -73.93290222291103 5.751972993835807
45.45801805030364 -73.93283981836235 0.8431410882622004
45.45801610255671 -73.9328282897156 0.5490260040387511
45.45801589768475 -73.93282920410815 0.5171111952513456
45.45802091175607 -73.93285249986049 1.276335616596043
45.45801327982308 -73.93282467369839 0.1207040166482329
45.45804049484516 -73.93287371027556 4.271431027911603
45.45801236718866 -73.9328341988566 -0.02798030711710453
45.45802834662946 -73.93286631014783 2.41361989825964
45.4580136705287 -73.93282619469885 0.180289844982326
45.45801845905517 -73.93284824489072 0.9045662526041269
45.45805032355734 -73.93290222291103 5.751972993835807
45.45801805030364 -73.93283981836235 0.8431410882622004
45.45801610255671 -73.9328282897156 0.5490260040387511
45.45801589768475 -73.93282920410815 0.5171111952513456
45.45802091175607 -73.93285249986049 1.276335616596043
45.45801327982308 -73.93282467369839 0.1207040166482329
45.45804049484516 -73.93287371027556 4.271431027911603
45.45801236718866 -73.9328341988566 -0.02798030711710453
45.45802834662946 -73.93286631014783 2.41361989825964
45.4580136705287 -73.93282619469885 0.180289844982326
45.45801845905517 -73.93284824489072 0.9045662526041269
45.45805032355734 -73.93290222291103 5.751972993835807
45.45801805030364 -73.93283981836235 0.8431410882622004
45.45801610255671 -73.9328282897156 0.5490260040387511
45.45801589768475 -73.93282920410815 0.5171111952513456
45.45802091175607 -73.93285249986049 1.276335616596043
45.45801327982308 -73.93282467369839 0.1207040166482329
45.45804049484516 -73.93287371027556 4.271431027911603
45.45801236718866 -73.9328341988566 -0.02798030711710453
45.45802834662946 -73.93286631014783 2.41361989825964
45.4580136705287 -73.93282619469885 0.180289844982326
45.45801845905517 -73.93284824489072 0.9045662526041269
45.45805032355734 -73.93290222291103 5.751972993835807
45.45801805030364 -73.93283981836235 0.8431410882622004
45.45801610255671 -73.9328282897156 0.5490260040387511
45.45801589768475 -73.93282920410815 0.5171111952513456
45.45802091175607 -73.93285249986049 1.276335616596043
45.45801327982308 -73.93282467369839 0.1207040166482329
45.45804049484516 -73.93287371027556 4.271431027911603
45.45801236718866 -73.9328341988566 -0.02798030711710453
45.45802834662946 -73.93286631014783 2.41361989825964
45.4580136705287 -73.93282619469885 0.180289844982326
45.45801845905517 -73.93284824489072 0.9045662526041269
45.45805032355734 -73.93290222291103 5.751972993835807
45.45801805030364 -73.93283981836235 0.8431410882622004
45.45801610255671 -73.9328282897156 0.5490260040387511
45.45801589768475 -73.93282920410815 0.5171111952513456
45.45802091175607 -73.93285249986049 1.276335616596043
45.45801327982308 -73.93282467369839 0.1207040166482329
45.45804049484516 -73.93287371027556 4.271431027911603
45.45801236718866 -73.9328341988566 -0.02798030711710453
45.45802834662946 -73.93286631014783 2.41361989825964
45.4580136705287 -73.93282619469885 0.180289844982326
45.45801845905517 -73.93284824489072 0.9045662526041269
45.45805032355734 -73.93290222291103 5.751972993835807
45.45801805030364 -73.93283981836235 0.8431410882622004
45.45801588341394 -73.93282822380603 0.5156115079298615
45.45801589987038 -73.93282925142367 0.5174332885071635
45.45802039198173 -73.93285235409481 1.196866056881845
45.45801322401819 -73.93282463749934 0.11227753944695
45.45804078081988 -73.93287416378929 4.31507030967623
45.45801240215301 -73.93283427948364 -0.02263769973069429
45.45802830618356 -73.93286627521702 2.407462415285408
45.45801420523186 -73.93282695185606 0.2617782847955823
45.45801919185969 -73.9328488696984 1.016287760809064
45.45805040086127 -73.93290241889726 5.763763112947345
45.45801799239713 -73.93283980870615 0.8343169679865241
45.45801588341394 -73.93282822380603 0.5156115079298615
45.45801589987038 -73.93282925142367 0.5174332885071635
45.45802039198173 -73.93285235409481 1.196866056881845
45.45801322401819 -73.93282463749934 0.11227753944695
45.45804078081988 -73.93287416378929 4.31507030967623
45.45801240215301 -73.93283427948364 -0.02263769973069429
45.45802830618356 -73.93286627521702 2.407462415285408
45.45801420523186 -73.93282695185606 0.2617782847955823
45.45801919185969 -73.9328488696984 1.016287760809064
45.45805040086127 -73.93290241889726 5.763763112947345
45.45801799239713 -73.93283980870615 0.8343169679865241
45.45801588341394 -73.93282822380603 0.5156115079298615
45.45801589987038 -73.93282925142367 0.5174332885071635
45.45802039198173 -73.93285235409481 1.196866056881845
45.45801322401819 -73.93282463749934 0.11227753944695
45.45804078081988 -73.93287416378929 4.31507030967623
45.45801240215301 -73.93283427948364 -0.02263769973069429
45.45802830618356 -73.93286627521702 2.407462415285408
45.45801420523186 -73.93282695185606 0.2617782847955823
45.45801919185969 -73.9328488696984 1.016287760809064
45.45805040086127 -73.93290241889726 5.763763112947345
45.45801799239713 -73.93283980870615 0.8343169679865241
45.45801588341394 -73.93282822380603 0.5156115079298615
45.45801589987038 -73.93282925142367 0.5174332885071635
45.45802039198173 -73.93285235409481 1.196866056881845
45.45801322401819 -73.93282463749934 0.11227753944695
45.45804078081988 -73.93287416378929 4.31507030967623
45.45801240215301 -73.93283427948364 -0.02263769973069429
45.45802830618356 -73.93286627521702 2.407462415285408
45.45801420523186 -73.93282695185606 0.2617782847955823
45.45801919185969 -73.9328488696984 1.016287760809064
45.45805040086127 -73.93290241889726 5.763763112947345
45.45801799239713 -73.93283980870615 0.8343169679865241
45.45801588341394 -73.93282822380603 0.5156115079298615
45.45801589987038 -73.93282925142367 0.5174332885071635
45.45802039198173 -73.93285235409481 1.196866056881845
45.45801322401819 -73.93282463749934 0.11227753944695
45.45804078081988 -73.93287416378929 4.31507030967623
45.45801240215301 -73.93283427948364 -0.02263769973069429
45.45802830618356 -73.93286627521702 2.407462415285408
45.45801420523186 -73.93282695185606 0.2617782847955823
45.45801919185969 -73.9328488696984 1.016287760809064
45.45805040086127 -73.93290241889726 5.763763112947345
45.45801799239713 -73.93283980870615 0.8343169679865241
45.45801588341394 -73.93282822380603 0.5156115079298615
45.45801589987038 -73.93282925142367 0.5174332885071635
45.45802039198173 -73.93285235409481 1.196866056881845
45.45801322401819 -73.93282463749934 0.11227753944695
45.45804078081988 -73.93287416378929 4.31507030967623
45.45801240215301 -73.93283427948364 -0.02263769973069429
45.45802830618356 -73.93286627521702 2.407462415285408
45.45801420523186 -73.93282695185606 0.2617782847955823
45.45801919185969 -73.9328488696984 1.016287760809064
45.45805040086127 -73.93290241889726 5.763763112947345
45.45801799239713 -73.93283980870615 0.8343169679865241
45.45801588341394 -73.93282822380603 0.5156115079298615
45.45801589987038 -73.93282925142367 0.5174332885071635
45.45802039198173 -73.93285235409481 1.196866056881845
45.45801322401819 -73.93282463749934 0.11227753944695
45.45804078081988 -73.93287416378929 4.31507030967623
45.45801240215301 -73.93283427948364 -0.02263769973069429
45.45802830618356 -73.93286627521702 2.407462415285408
45.45801420523186 -73.93282695185606 0.2617782847955823
45.45801919185969 -73.9328488696984 1.016287760809064
45.45805040086127 -73.93290241889726 5.763763112947345
45.45801799239713 -73.93283980870615 0.8343169679865241
45.45801567540877 -73.93282798452114 0.4838244002312422
45.45801560697684 -73.932828944221 0.4726716224104166
45.45801944541692 -73.9328518552387 1.052158955484629
45.45801313533054 -73.93282451425473 0.09877953585237265
45.45804088835769 -73.93287432005172 4.331478936597705
45.45801233265044 -73.93283415541077 -0.03320965729653835
45.45802829319649 -73.93286624918642 2.405484806746244
45.45801413599561 -73.93282687836201 0.2512592347338796
45.45801907024552 -73.93284867152765 0.9978244733065367
45.45805009210854 -73.93290191463221 5.716755598783493
45.45801794351959 -73.93283964967728 0.8270284738391638
45.45801567540877 -73.93282798452114 0.4838244002312422
45.45801560697684 -73.932828944221 0.4726716224104166
45.45801944541692 -73.9328518552387 1.052158955484629
45.45801313533054 -73.93282451425473 0.09877953585237265
45.45804088835769 -73.93287432005172 4.331478936597705
45.45801233265044 -73.93283415541077 -0.03320965729653835
45.45802829319649 -73.93286624918642 2.405484806746244
45.45801413599561 -73.93282687836201 0.2512592347338796
45.45801907024552 -73.93284867152765 0.9978244733065367
45.45805009210854 -73.93290191463221 5.716755598783493
45.45801794351959 -73.93283964967728 0.8270284738391638
45.45801567540877 -73.93282798452114 0.4838244002312422
45.45801560697684 -73.932828944221 0.4726716224104166
45.45801944541692 -73.9328518552387 1.052158955484629
45.45801313533054 -73.93282451425473 0.09877953585237265
45.45804088835769 -73.93287432005172 4.331478936597705
45.45801233265044 -73.93283415541077 -0.03320965729653835
45.45802829319649 -73.93286624918642 2.405484806746244
45.45801413599561 -73.93282687836201 0.2512592347338796
45.45801907024552 -73.93284867152765 0.9978244733065367
45.45805009210854 -73.93290191463221 5.716755598783493
45.45801794351959 -73.93283964967728 0.8270284738391638
45.45801567540877 -73.93282798452114 0.4838244002312422
45.45801560697684 -73.932828944221 0.4726716224104166
45.45801944541692 -73.9328518552387 1.052158955484629
45.45801313533054 -73.93282451425473 0.09877953585237265
45.45804088835769 -73.93287432005172 4.331478936597705
45.45801233265044 -73.93283415541077 -0.03320965729653835
45.45802829319649 -73.93286624918642 2.405484806746244
45.45801413599561 -73.93282687836201 0.2512592347338796
45.45801907024552 -73.93284867152765 0.9978244733065367
45.45805009210854 -73.93290191463221 5.716755598783493
45.45801794351959 -73.93283964967728 0.8270284738391638
45.45801567540877 -73.93282798452114 0.4838244002312422
45.45801560697684 -73.932828944221 0.4726716224104166
45.45801944541692 -73.9328518552387 1.052158955484629
45.45801313533054 -73.93282451425473 0.09877953585237265
45.45804088835769 -73.93287432005172 4.331478936597705
45.45801233265044 -73.93283415541077 -0.03320965729653835
45.45802829319649 -73.93286624918642 2.405484806746244
45.45801413599561 -73.93282687836201 0.2512592347338796
45.45801907024552 -73.93284867152765 0.9978244733065367
45.45805009210854 -73.93290191463221 5.716755598783493
45.45801794351959 -73.93283964967728 0.8270284738391638
45.45801567540877 -73.93282798452114 0.4838244002312422
45.45801560697684 -73.932828944221 0.4726716224104166
45.45801944541692 -73.9328518552387 1.052158955484629
45.45801313533054 -73.93282451425473 0.09877953585237265
45.45804088835769 -73.93287432005172 4.331478936597705
45.45801233265044 -73.93283415541077 -0.03320965729653835
45.45802829319649 -73.93286624918642 2.405484806746244
45.45801413599561 -73.93282687836201 0.2512592347338796
45.45801907024552 -73.93284867152765 0.9978244733065367
45.45805009210854 -73.93290191463221 5.716755598783493
45.45801794351959 -73.93283964967728 0.8270284738391638
45.45801567540877 -73.93282798452114 0.4838244002312422
45.45801560697684 -73.932828944221 0.4726716224104166
45.45801944541692 -73.9328518552387 1.052158955484629
45.45801313533054 -73.93282451425473 0.09877953585237265
45.45804088835769 -73.93287432005172 4.331478936597705
45.45801233265044 -73.93283415541077 -0.03320965729653835
45.45802829319649 -73.93286624918642 2.405484806746244
45.45801413599561 -73.93282687836201 0.2512592347338796
45.45801907024552 -73.93284867152765 0.9978244733065367
45.45805009210854 -73.93290191463221 5.716755598783493
45.45801794351959 -73.93283964967728 0.8270284738391638
45.45801567540877 -73.93282798452114 0.4838244002312422
45.45801560697684 -73.932828944221 0.4726716224104166
45.45801944541692 -73.9328518552387 1.052158955484629
45.45801313533054 -73.93282451425473 0.09877953585237265
45.45804088835769 -73.93287432005172 4.331478936597705
45.45801233265044 -73.93283415541077 -0.03320965729653835
45.45802829319649 -73.93286624918642 2.405484806746244
45.45801413599561 -73.93282687836201 0.2512592347338796
45.45801907024552 -73.93284867152765 0.9978244733065367
45.45805009210854 -73.93290191463221 5.716755598783493
45.45801794351959 -73.93283964967728 0.8270284738391638
45.45801562583344 -73.93282796184378 0.4763740366324782
45.45801533891947 -73.93282883302761 0.4316339865326881
45.45801871458534 -73.93285148987492 0.9404045855626464
45.45801346129994 -73.93282493024149 0.1485180882737041
45.45804090049842 -73.93287432638328 4.333314259536564
45.45801230064479 -73.93283410692783 -0.03806951735168695
45.4580283205167 -73.93286627784609 2.409655552357435
45.45801423974517 -73.93282700670359 0.2671529091894627
45.45801888941091 -73.93284849291899 0.9702281001955271
45.45805005755868 -73.93290184840909 5.711487440392375
45.45801784613242 -73.9328395332999 0.8121915468946099
45.45801562583344 -73.93282796184378 0.4763740366324782
45.45801533891947 -73.93282883302761 0.4316339865326881
45.45801871458534 -73.93285148987492 0.9404045855626464
45.45801346129994 -73.93282493024149 0.1485180882737041
45.45804090049842 -73.93287432638328 4.333314259536564
45.45801230064479 -73.93283410692783 -0.03806951735168695
45.4580283205167 -73.93286627784609 2.409655552357435
45.45801423974517 -73.93282700670359 0.2671529091894627
45.45801888941091 -73.93284849291899 0.9702281001955271
45.45805005755868 -73.93290184840909 5.711487440392375
45.45801784613242 -73.9328395332999 0.8121915468946099
45.45801562583344 -73.93282796184378 0.4763740366324782
45.45801533891947 -73.93282883302761 0.4316339865326881
45.45801871458534 -73.93285148987492 0.9404045855626464
45.45801346129994 -73.93282493024149 0.1485180882737041
45.45804090049842 -73.93287432638328 4.333314259536564
45.45801230064479 -73.93283410692783 -0.03806951735168695
45.4580283205167 -73.93286627784609 2.409655552357435
45.45801423974517 -73.93282700670359 0.2671529091894627
45.45801888941091 -73.93284849291899 0.9702281001955271
45.45805005755868 -73.93290184840909 5.711487440392375
45.45801784613242 -73.9328395332999 0.8121915468946099
45.45801562583344 -73.93282796184378 0.4763740366324782
45.45801533891947 -73.93282883302761 0.4316339865326881
45.45801871458534 -73.93285148987492 0.9404045855626464
45.45801346129994 -73.93282493024149 0.1485180882737041
45.45804090049842 -73.93287432638328 4.333314259536564
45.45801230064479 -73.93283410692783 -0.03806951735168695
45.4580283205167 -73.93286627784609 2.409655552357435
45.45801423974517 -73.93282700670359 0.2671529091894627
45.45801888941091 -73.93284849291899 0.9702281001955271
45.45805005755868 -73.93290184840909 5.711487440392375
45.45801784613242 -73.9328395332999 0.8121915468946099
45.45801562583344 -73.93282796184378 0.4763740366324782
45.45801533891947 -73.93282883302761 0.4316339865326881
45.45801871458534 -73.93285148987492 0.9404045855626464
45.45801346129994 -73.93282493024149 0.1485180882737041
45.45804090049842 -73.93287432638328 4.333314259536564
45.45801230064479 -73.93283410692783 -0.03806951735168695
45.4580283205167 -73.93286627784609 2.409655552357435
45.45801423974517 -73.93282700670359 0.2671529091894627
45.45801888941091 -73.93284849291899 0.9702281001955271
45.45805005755868 -73.93290184840909 5.711487440392375
45.45801784613242 -73.9328395332999 0.8121915468946099
45.45801562583344 -73.93282796184378 0.4763740366324782
45.45801533891947 -73.93282883302761 0.4316339865326881
45.45801871458534 -73.93285148987492 0.9404045855626464
45.45801346129994 -73.93282493024149 0.1485180882737041
45.45804090049842 -73.93287432638328 4.333314259536564
45.45801230064479 -73.93283410692783 -0.03806951735168695
45.4580283205167 -73.93286627784609 2.409655552357435
45.45801423974517 -73.93282700670359 0.2671529091894627
45.45801888941091 -73.93284849291899 0.9702281001955271
45.45805005755868 -73.93290184840909 5.711487440392375
45.45801784613242 -73.9328395332999 0.8121915468946099
45.45801562583344 -73.93282796184378 0.4763740366324782
45.45801533891947 -73.93282883302761 0.4316339865326881
45.45801871458534 -73.93285148987492 0.9404045855626464
45.45801346129994 -73.93282493024149 0.1485180882737041
45.45804090049842 -73.93287432638328 4.333314259536564
45.45801230064479 -73.93283410692783 -0.03806951735168695
45.4580283205167 -73.93286627784609 2.409655552357435
45.45801423974517 -73.93282700670359 0.2671529091894627
45.45801888941091 -73.93284849291899 0.9702281001955271
45.45805005755868 -73.93290184840909 5.711487440392375
45.45801784613242 -73.9328395332999 0.8121915468946099
45.45801562583344 -73.93282796184378 0.4763740366324782
45.45801533891947 -73.93282883302761 0.4316339865326881
45.45801871458534 -73.93285148987492 0.9404045855626464
45.45801346129994 -73.93282493024149 0.1485180882737041
45.45804090049842 -73.93287432638328 4.333314259536564
45.45801230064479 -73.93283410692783 -0.03806951735168695
45.4580283205167 -73.93286627784609 2.409655552357435
45.45801423974517 -73.93282700670359 0.2671529091894627
45.45801888941091 -73.93284849291899 0.9702281001955271
45.45805005755868 -73.93290184840909 5.711487440392375
45.45801784613242 -73.9328395332999 0.8121915468946099
45.45801562583344 -73.93282796184378 0.4763740366324782
45.45801533891947 -73.93282883302761 0.4316339865326881
45.45801871458534 -73.93285148987492 0.9404045855626464
45.45801346129994 -73.93282493024149 0.1485180882737041
45.45804090049842 -73.93287432638328 4.333314259536564
45.45801230064479 -73.93283410692783 -0.03806951735168695
45.4580283205167 -73.93286627784609 2.409655552357435
45.45801423974517 -73.93282700670359 0.2671529091894627
45.45801888941091 -73.93284849291899 0.9702281001955271
45.45805005755868 -73.93290184840909 5.711487440392375
45.45801784613242 -73.9328395332999 0.8121915468946099
45.4580159789274 -73.93282809964076 0.5302995499223471
45.45801508944368 -73.93282862100159 0.3934728661552072
45.45801825372769 -73.9328512464263 0.8699900219216943
45.45801323452081 -73.93282463806369 0.1139206420630217
45.45804074241289 -73.93287409954135 4.309216718189418
45.45801224680074 -73.93283403880379 -0.04625636618584394
45.45802830198473 -73.93286627050453 2.406838142313063
45.45801450938956 -73.93282738849116 0.3081522649154067
45.45801876331318 -73.9328483745319 0.9510349854826927
45.45804998935858 -73.93290176316994 5.701120069250464
45.4580176854212 -73.93283935521359 0.7876743283122778
45.4580159789274 -73.93282809964076 0.5302995499223471
45.45801508944368 -73.93282862100159 0.3934728661552072
45.45801825372769 -73.9328512464263 0.8699900219216943
45.45801323452081 -73.93282463806369 0.1139206420630217
45.45804074241289 -73.93287409954135 4.309216718189418
45.45801224680074 -73.93283403880379 -0.04625636618584394
45.45802830198473 -73.93286627050453 2.406838142313063
45.45801450938956 -73.93282738849116 0.3081522649154067
45.45801876331318 -73.9328483745319 0.9510349854826927
45.45804998935858 -73.93290176316994 5.701120069250464
45.4580176854212 -73.93283935521359 0.7876743283122778
45.4580159789274 -73.93282809964076 0.5302995499223471
45.45801508944368 -73.93282862100159 0.3934728661552072
45.45801825372769 -73.9328512464263 0.8699900219216943
45.45801323452081 -73.93282463806369 0.1139206420630217
45.45804074241289 -73.93287409954135 4.309216718189418
45.45801224680074 -73.93283403880379 -0.04625636618584394
45.45802830198473 -73.93286627050453 2.406838142313063
45.45801450938956 -73.93282738849116 0.3081522649154067
45.45801876331318 -73.9328483745319 0.9510349854826927
45.45804998935858 -73.93290176316994 5.701120069250464
45.4580176854212 -73.93283935521359 0.7876743283122778
45.4580159789274 -73.93282809964076 0.5302995499223471
45.45801508944368 -73.93282862100159 0.3934728661552072
45.45801825372769 -73.9328512464263 0.8699900219216943
45.45801323452081 -73.93282463806369 0.1139206420630217
45.45804074241289 -73.93287409954135 4.309216718189418
45.45801224680074 -73.93283403880379 -0.04625636618584394
45.45802830198473 -73.93286627050453 2.406838142313063
45.45801450938956 -73.93282738849116 0.3081522649154067
45.45801876331318 -73.9328483745319 0.9510349854826927
45.45804998935858 -73.93290176316994 5.701120069250464
45.4580176854212 -73.93283935521359 0.7876743283122778
45.4580159789274 -73.93282809964076 0.5302995499223471
45.45801508944368 -73.93282862100159 0.3934728661552072
45.45801825372769 -73.9328512464263 0.8699900219216943
45.45801323452081 -73.93282463806369 0.1139206420630217
45.45804074241289 -73.93287409954135 4.309216718189418
45.45801224680074 -73.93283403880379 -0.04625636618584394
45.45802830198473 -73.93286627050453 2.406838142313063
45.45801450938956 -73.93282738849116 0.3081522649154067
45.45801876331318 -73.9328483745319 0.9510349854826927
45.45804998935858 -73.93290176316994 5.701120069250464
45.4580176854212 -73.93283935521359 0.7876743283122778
45.4580159789274 -73.93282809964076 0.5302995499223471
45.45801508944368 -73.93282862100159 0.3934728661552072
45.45801825372769 -73.9328512464263 0.8699900219216943
45.45801323452081 -73.93282463806369 0.1139206420630217
45.45804074241289 -73.93287409954135 4.309216718189418
45.45801224680074 -73.93283403880379 -0.04625636618584394
45.45802830198473 -73.93286627050453 2.406838142313063
45.45801450938956 -73.93282738849116 0.3081522649154067
45.45801876331318 -73.9328483745319 0.9510349854826927
45.45804998935858 -73.93290176316994 5.701120069250464
45.4580176854212 -73.93283935521359 0.7876743283122778
45.4580159789274 -73.93282809964076 0.5302995499223471
45.45801508944368 -73.93282862100159 0.3934728661552072
45.45801825372769 -73.9328512464263 0.8699900219216943
45.45801323452081 -73.93282463806369 0.1139206420630217
45.45804074241289 -73.93287409954135 4.309216718189418
45.45801224680074 -73.93283403880379 -0.04625636618584394
45.45802830198473 -73.93286627050453 2.406838142313063
45.45801450938956 -73.93282738849116 0.3081522649154067
45.45801876331318 -73.9328483745319 0.9510349854826927
45.45804998935858 -73.93290176316994 5.701120069250464
45.4580176854212 -73.93283935521359 0.7876743283122778
45.4580159789274 -73.93282809964076 0.5302995499223471
45.45801508944368 -73.93282862100159 0.3934728661552072
45.45801825372769 -73.9328512464263 0.8699900219216943
45.45801323452081 -73.93282463806369 0.1139206420630217
45.45804074241289 -73.93287409954135 4.309216718189418
45.45801224680074 -73.93283403880379 -0.04625636618584394
45.45802830198473 -73.93286627050453 2.406838142313063
45.45801450938956 -73.93282738849116 0.3081522649154067
45.45801876331318 -73.9328483745319 0.9510349854826927
45.45804998935858 -73.93290176316994 5.701120069250464
45.4580176854212 -73.93283935521359 0.7876743283122778
45.45801587933666 -73.93282802349728 0.5151230022311211
45.45801494557058 -73.93282849548419 0.3715126225724816
45.45801808992408 -73.93285115048511 0.8449783083051443
45.45801351250589 -73.93282499721376 0.1563065685331821
45.45804065865347 -73.93287397311416 4.296440740115941
45.458012240058 -73.9328340235954 -0.04728096351027489
45.45802830807349 -73.93286627220321 2.407768469303846
45.45801480104958 -73.93282778845516 0.3525048941373825
45.45801865719786 -73.93284827421999 0.9348644083365798
45.45804994862409 -73.93290170349896 5.694921211339533
45.45801760758464 -73.93283926422522 0.7758097555488348
45.45801587933666 -73.93282802349728 0.5151230022311211
45.45801494557058 -73.93282849548419 0.3715126225724816
45.45801808992408 -73.93285115048511 0.8449783083051443
45.45801351250589 -73.93282499721376 0.1563065685331821
45.45804065865347 -73.93287397311416 4.296440740115941
45.458012240058 -73.9328340235954 -0.04728096351027489
45.45802830807349 -73.93286627220321 2.407768469303846
45.45801480104958 -73.93282778845516 0.3525048941373825
45.45801865719786 -73.93284827421999 0.9348644083365798
45.45804994862409 -73.93290170349896 5.694921211339533
45.45801760758464 -73.93283926422522 0.7758097555488348
45.45801587933666 -73.93282802349728 0.5151230022311211
45.45801494557058 -73.93282849548419 0.3715126225724816
45.45801808992408 -73.93285115048511 0.8449783083051443
45.45801351250589 -73.93282499721376 0.1563065685331821
45.45804065865347 -73.93287397311416 4.296440740115941
45.458012240058 -73.9328340235954 -0.04728096351027489
45.45802830807349 -73.93286627220321 2.407768469303846
45.45801480104958 -73.93282778845516 0.3525048941373825
45.45801865719786 -73.93284827421999 0.9348644083365798
45.45804994862409 -73.93290170349896 5.694921211339533
45.45801760758464 -73.93283926422522 0.7758097555488348
45.45801587933666 -73.93282802349728 0.5151230022311211
45.45801494557058 -73.93282849548419 0.3715126225724816
45.45801808992408 -73.93285115048511 0.8449783083051443
45.45801351250589 -73.93282499721376 0.1563065685331821
45.45804065865347 -73.93287397311416 4.296440740115941
45.458012240058 -73.9328340235954 -0.04728096351027489
45.45802830807349 -73.93286627220321 2.407768469303846
45.45801480104958 -73.93282778845516 0.3525048941373825
45.45801865719786 -73.93284827421999 0.9348644083365798
45.45804994862409 -73.93290170349896 5.694921211339533
45.45801760758464 -73.93283926422522 0.7758097555488348
45.45801587933666 -73.93282802349728 0.5151230022311211
45.45801494557058 -73.93282849548419 0.3715126225724816
45.45801808992408 -73.93285115048511 0.8449783083051443
45.45801351250589 -73.93282499721376 0.1563065685331821
45.45804065865347 -73.93287397311416 4.296440740115941
45.458012240058 -73.9328340235954 -0.04728096351027489
45.45802830807349 -73.93286627220321 2.407768469303846
45.45801480104958 -73.93282778845516 0.3525048941373825
45.45801865719786 -73.93284827421999 0.9348644083365798
45.45804994862409 -73.93290170349896 5.694921211339533
45.45801760758464 -73.93283926422522 0.7758097555488348
45.45801587933666 -73.93282802349728 0.5151230022311211
45.45801494557058 -73.93282849548419 0.3715126225724816
45.45801808992408 -73.93285115048511 0.8449783083051443
45.45801351250589 -73.93282499721376 0.1563065685331821
45.45804065865347 -73.93287397311416 4.296440740115941
45.458012240058 -73.9328340235954 -0.04728096351027489
45.45802830807349 -73.93286627220321 2.407768469303846
45.45801480104958 -73.93282778845516 0.3525048941373825
45.45801865719786 -73.93284827421999 0.9348644083365798
45.45804994862409 -73.93290170349896 5.694921211339533
45.45801760758464 -73.93283926422522 0.7758097555488348
45.45801587933666 -73.93282802349728 0.5151230022311211
45.45801494557058 -73.93282849548419 0.3715126225724816
45.45801808992408 -73.93285115048511 0.8449783083051443
45.45801351250589 -73.93282499721376 0.1563065685331821
45.45804065865347 -73.93287397311416 4.296440740115941
45.458012240058 -73.9328340235954 -0.04728096351027489
45.45802830807349 -73.93286627220321 2.407768469303846
45.45801480104958 -73.93282778845516 0.3525048941373825
45.45801865719786 -73.93284827421999 0.9348644083365798
45.45804994862409 -73.93290170349896 5.694921211339533
45.45801760758464 -73.93283926422522 0.7758097555488348
45.45801587933666 -73.93282802349728 0.5151230022311211
45.45801494557058 -73.93282849548419 0.3715126225724816
45.45801808992408 -73.93285115048511 0.8449783083051443
45.45801351250589 -73.93282499721376 0.1563065685331821
45.45804065865347 -73.93287397311416 4.296440740115941
45.458012240058 -73.9328340235954 -0.04728096351027489
45.45802830807349 -73.93286627220321 2.407768469303846
45.45801480104958 -73.93282778845516 0.3525048941373825
45.45801865719786 -73.93284827421999 0.9348644083365798
45.45804994862409 -73.93290170349896 5.694921211339533
45.45801760758464 -73.93283926422522 0.7758097555488348
45.45801575653763 -73.93282787823104 0.4963686801493168
45.45801485195933 -73.93282836413943 0.3571580993011594
45.45801778247704 -73.93285090371776 0.7979797730222344
45.4580131269924 -73.93282447709892 0.09753483813256025
45.4580405891964 -73.93287385903763 4.285848167724907
45.45801214563124 -73.93283387322175 -0.06166289933025837
45.45802833723953 -73.93286630234989 2.412224667146802
45.45801472514206 -73.93282766973024 0.3409279324114323
45.4580185477646 -73.93284811527046 0.9181671123951674
45.45804982937592 -73.93290149721379 5.676731313578784
45.45801748310863 -73.93283909293245 0.7567959250882268
45.45801575653763 -73.93282787823104 0.4963686801493168
45.45801485195933 -73.93282836413943 0.3571580993011594
45.45801778247704 -73.93285090371776 0.7979797730222344
45.4580131269924 -73.93282447709892 0.09753483813256025
45.4580405891964 -73.93287385903763 4.285848167724907
45.45801214563124 -73.93283387322175 -0.06166289933025837
45.45802833723953 -73.93286630234989 2.412224667146802
45.45801472514206 -73.93282766973024 0.3409279324114323
45.4580185477646 -73.93284811527046 0.9181671123951674
45.45804982937592 -73.93290149721379 5.676731313578784
45.45801748310863 -73.93283909293245 0.7567959250882268
45.45801575653763 -73.93282787823104 0.4963686801493168
45.45801485195933 -73.93282836413943 0.3571580993011594
45.45801778247704 -73.93285090371776 0.7979797730222344
45.4580131269924 -73.93282447709892 0.09753483813256025
45.4580405891964 -73.93287385903763 4.285848167724907
45.45801214563124 -73.93283387322175 -0.06166289933025837
45.45802833723953 -73.93286630234989 2.412224667146802
45.45801472514206 -73.93282766973024 0.3409279324114323
45.4580185477646 -73.93284811527046 0.9181671123951674
45.45804982937592 -73.93290149721379 5.676731313578784
45.45801748310863 -73.93283909293245 0.7567959250882268
45.45801575653763 -73.93282787823104 0.4963686801493168
45.45801485195933 -73.93282836413943 0.3571580993011594
45.45801778247704 -73.93285090371776 0.7979797730222344
45.4580131269924 -73.93282447709892 0.09753483813256025
45.4580405891964 -73.93287385903763 4.285848167724907
45.45801214563124 -73.93283387322175 -0.06166289933025837
45.45802833723953 -73.93286630234989 2.412224667146802
45.45801472514206 -73.93282766973024 0.3409279324114323
45.4580185477646 -73.93284811527046 0.9181671123951674
45.45804982937592 -73.93290149721379 5.676731313578784
45.45801748310863 -73.93283909293245 0.7567959250882268
45.45801575653763 -73.93282787823104 0.4963686801493168
45.45801485195933 -73.93282836413943 0.3571580993011594
45.45801778247704 -73.93285090371776 0.7979797730222344
45.4580131269924 -73.93282447709892 0.09753483813256025
45.4580405891964 -73.93287385903763 4.285848167724907
45.45801214563124 -73.93283387322175 -0.06166289933025837
45.45802833723953 -73.93286630234989 2.412224667146802
45.45801472514206 -73.93282766973024 0.3409279324114323
45.4580185477646 -73.93284811527046 0.9181671123951674
45.45804982937592 -73.93290149721379 5.676731313578784
45.45801748310863 -73.93283909293245 0.7567959250882268
45.45801575653763 -73.93282787823104 0.4963686801493168
45.45801485195933 -73.93282836413943 0.3571580993011594
45.45801778247704 -73.93285090371776 0.7979797730222344
45.4580131269924 -73.93282447709892 0.09753483813256025
45.4580405891964 -73.93287385903763 4.285848167724907
45.45801214563124 -73.93283387322175 -0.06166289933025837
45.45802833723953 -73.93286630234989 2.412224667146802
45.45801472514206 -73.93282766973024 0.3409279324114323
45.4580185477646 -73.93284811527046 0.9181671123951674
45.45804982937592 -73.93290149721379 5.676731313578784
45.45801748310863 -73.93283909293245 0.7567959250882268
45.45801575653763 -73.93282787823104 0.4963686801493168
45.45801485195933 -73.93282836413943 0.3571580993011594
45.45801778247704 -73.93285090371776 0.7979797730222344
45.4580131269924 -73.93282447709892 0.09753483813256025
45.4580405891964 -73.93287385903763 4.285848167724907
45.45801214563124 -73.93283387322175 -0.06166289933025837
45.45802833723953 -73.93286630234989 2.412224667146802
45.45801472514206 -73.93282766973024 0.3409279324114323
45.4580185477646 -73.93284811527046 0.9181671123951674
45.45804982937592 -73.93290149721379 5.676731313578784
45.45801748310863 -73.93283909293245 0.7567959250882268
45.45801575653763 -73.93282787823104 0.4963686801493168
45.45801485195933 -73.93282836413943 0.3571580993011594
45.45801778247704 -73.93285090371776 0.7979797730222344
45.4580131269924 -73.93282447709892 0.09753483813256025
45.4580405891964 -73.93287385903763 4.285848167724907
45.45801214563124 -73.93283387322175 -0.06166289933025837
45.45802833723953 -73.93286630234989 2.412224667146802
45.45801472514206 -73.93282766973024 0.3409279324114323
45.4580185477646 -73.93284811527046 0.9181671123951674
45.45804982937592 -73.93290149721379 5.676731313578784
45.45801748310863 -73.93283909293245 0.7567959250882268
